27, 8, PA1 Student Answer/pa1-debug-c-output.txt
198.345, 185.89, 192.531
400.739, 414.13, 201.17
210.968, 210.001, 208.589
214.269, 212.491, 333.521
217.569, 214.981, 458.453
212.518, 334.966, 206.058
215.818, 337.455, 330.99
219.118, 339.945, 455.921
214.067, 459.93, 203.527
217.368, 462.42, 328.458
220.668, 464.91, 453.39
335.915, 208.385, 205.321
339.215, 210.875, 330.253
342.516, 213.365, 455.184
337.465, 333.35, 202.79
340.765, 335.84, 327.721
344.065, 338.33, 452.653
339.014, 458.315, 200.258
342.315, 460.805, 325.19
345.615, 463.295, 450.121
460.862, 206.77, 202.052
464.162, 209.26, 326.984
467.463, 211.75, 451.916
462.412, 331.735, 199.521
465.712, 334.225, 324.453
469.012, 336.714, 449.384
463.961, 456.699, 196.99
467.261, 459.189, 321.921
470.562, 461.679, 446.853
209.31, 208.281, 451.274
206.545, 211.759, 576.195
203.78, 215.237, 701.116
212.255, 333.2, 447.861
209.49, 336.678, 572.782
206.725, 340.155, 697.703
215.2, 458.119, 444.449
212.435, 461.596, 569.37
209.67, 465.074, 694.291
334.245, 205.414, 454.119
331.48, 208.891, 579.04
328.715, 212.369, 703.961
337.19, 330.332, 450.706
334.425, 333.81, 575.628
331.66, 337.288, 700.549
340.135, 455.251, 447.294
337.37, 458.729, 572.215
334.605, 462.206, 697.136
459.18, 202.546, 456.964
456.415, 206.024, 581.885
453.65, 209.501, 706.806
462.125, 327.465, 453.552
459.36, 330.942, 578.473
456.595, 334.42, 703.394
465.07, 452.384, 450.139
462.305, 455.861, 575.06
459.54, 459.339, 699.981
210.812, 451.21, 208.949
209.73, 449.24, 333.929
208.647, 447.271, 458.909
210.975, 576.194, 210.92
209.892, 574.225, 335.9
208.81, 572.255, 460.88
211.138, 701.178, 212.891
210.055, 699.209, 337.871
208.972, 697.24, 462.851
335.807, 451.03, 210.029
334.725, 449.061, 335.009
333.642, 447.091, 459.989
335.97, 576.014, 212
334.887, 574.045, 336.98
333.805, 572.076, 461.96
336.133, 700.999, 213.971
335.05, 699.029, 338.951
333.968, 697.06, 463.93
460.803, 450.85, 211.109
459.72, 448.881, 336.089
458.637, 446.912, 461.069
460.965, 575.834, 213.08
459.883, 573.865, 338.06
458.8, 571.896, 463.04
461.128, 700.819, 215.051
460.045, 698.85, 340.031
458.963, 696.88, 465.01
209.752, 451.271, 450.028
210.093, 452.875, 575.017
210.434, 454.479, 700.006
211.904, 576.242, 448.418
212.245, 577.846, 573.407
212.587, 579.451, 698.397
214.056, 701.214, 446.808
214.397, 702.818, 571.798
214.739, 704.422, 696.787
334.733, 449.115, 449.714
335.074, 450.719, 574.703
335.415, 452.323, 699.693
336.885, 574.086, 448.104
337.226, 575.69, 573.094
337.568, 577.294, 698.083
339.037, 699.057, 446.495
339.379, 700.661, 571.484
339.72, 702.265, 696.473
459.714, 446.958, 449.401
460.055, 448.562, 574.39
460.396, 450.166, 699.379
461.866, 571.929, 447.791
462.207, 573.533, 572.78
462.549, 575.138, 697.769
464.018, 696.901, 446.181
464.36, 698.505, 571.17
464.701, 700.109, 696.16
450.353, 210.012, 209.282
453.86, 207.692, 334.211
457.367, 205.372, 459.14
450.358, 334.99, 211.602
453.865, 332.671, 336.531
457.373, 330.351, 461.461
450.364, 459.969, 213.923
453.871, 457.649, 338.852
457.378, 455.329, 463.781
575.303, 210.071, 205.775
578.811, 207.751, 330.704
582.318, 205.432, 455.634
575.309, 335.05, 208.096
578.816, 332.73, 333.025
582.323, 330.41, 457.954
575.315, 460.028, 210.416
578.822, 457.708, 335.345
582.329, 455.389, 460.275
700.254, 210.131, 202.269
703.761, 207.811, 327.198
707.269, 205.491, 452.127
700.26, 335.109, 204.589
703.767, 332.789, 329.518
707.274, 330.47, 454.448
700.266, 460.088, 206.909
703.773, 457.768, 331.839
707.28, 455.448, 456.768
450.668, 208.17, 449.859
447.361, 210.46, 574.794
444.054, 212.75, 699.73
451.704, 333.145, 447.595
448.397, 335.435, 572.531
445.09, 337.726, 697.466
452.74, 458.12, 445.332
449.433, 460.411, 570.267
446.126, 462.701, 695.203
575.62, 207.195, 453.184
572.313, 209.485, 578.12
569.006, 211.775, 703.055
576.656, 332.17, 450.921
573.349, 334.46, 575.856
570.042, 336.75, 700.791
577.692, 457.145, 448.657
574.385, 459.435, 573.593
571.078, 461.725, 698.528
700.572, 206.219, 456.51
697.265, 208.509, 581.445
693.958, 210.8, 706.38
701.608, 331.194, 454.246
698.301, 333.485, 579.182
694.994, 335.775, 704.117
702.644, 456.17, 451.983
699.337, 458.46, 576.918
696.029, 460.75, 701.853
451.322, 449.201, 209.025
454.617, 449.484, 333.981
457.913, 449.767, 458.937
450.402, 574.198, 208.766
453.697, 574.48, 333.722
456.992, 574.763, 458.678
449.481, 699.194, 208.507
452.776, 699.477, 333.464
456.072, 699.759, 458.42
576.275, 450.115, 205.727
579.57, 450.397, 330.684
582.866, 450.68, 455.64
575.355, 575.111, 205.469
578.65, 575.394, 330.425
581.945, 575.676, 455.381
574.434, 700.107, 205.21
577.73, 700.39, 330.167
581.025, 700.673, 455.123
701.228, 451.028, 202.43
704.524, 451.311, 327.386
707.819, 451.593, 452.343
700.308, 576.024, 202.172
703.603, 576.307, 327.128
706.898, 576.59, 452.084
699.388, 701.021, 201.913
702.683, 701.303, 326.869
705.978, 701.586, 451.826
451.146, 448.46, 449.221
453.839, 450.318, 574.178
456.531, 452.175, 699.136
448.757, 573.424, 447.415
451.449, 575.282, 572.372
454.142, 577.139, 697.33
446.367, 698.388, 445.609
449.06, 700.246, 570.566
451.753, 702.103, 695.523
576.094, 450.81, 446.494
578.787, 452.667, 571.451
581.479, 454.525, 696.408
573.705, 575.774, 444.688
576.398, 577.631, 569.645
579.09, 579.489, 694.602
571.316, 700.738, 442.882
574.008, 702.595, 567.839
576.701, 704.453, 692.796
701.042, 453.159, 443.767
703.735, 455.017, 568.724
706.428, 456.874, 693.681
698.653, 578.123, 441.96
701.346, 579.981, 566.918
704.038, 581.838, 691.875
696.264, 703.087, 440.154
698.956, 704.945, 565.111
701.649, 706.802, 690.069
