27, 8, PA1 Student Answer/pa1-unknown-i-output.txt
185.457, 188.968, 201.685
389.91, 380.979, 194.485
209.597, 211.48, 208.119
209.093, 211.191, 333.118
208.589, 210.903, 458.116
208.371, 336.474, 208.403
207.867, 336.185, 333.401
207.363, 335.896, 458.4
207.146, 461.467, 208.686
206.641, 461.178, 333.685
206.137, 460.89, 458.683
334.59, 212.704, 208.626
334.086, 212.416, 333.625
333.582, 212.127, 458.623
333.364, 337.698, 208.91
332.86, 337.409, 333.908
332.356, 337.121, 458.907
332.138, 462.692, 209.193
331.634, 462.403, 334.192
331.13, 462.114, 459.19
459.583, 213.929, 209.133
459.079, 213.64, 334.131
458.574, 213.352, 459.13
458.357, 338.923, 209.416
457.853, 338.634, 334.415
457.349, 338.345, 459.414
457.131, 463.916, 209.7
456.627, 463.628, 334.699
456.123, 463.339, 459.697
210.62, 209.079, 448.785
212.129, 205.424, 573.723
213.638, 201.769, 698.66
208.216, 334.002, 452.469
209.725, 330.347, 577.407
211.234, 326.691, 702.344
205.812, 458.924, 456.153
207.321, 455.269, 581.09
208.83, 451.614, 706.028
335.587, 211.526, 447.347
337.096, 207.871, 572.285
338.605, 204.216, 697.222
333.184, 336.449, 451.031
334.693, 332.794, 575.969
336.202, 329.138, 700.906
330.78, 461.371, 454.715
332.289, 457.716, 579.653
333.798, 454.061, 704.59
460.555, 213.973, 445.91
462.064, 210.318, 570.847
463.573, 206.663, 695.784
458.151, 338.896, 449.593
459.66, 335.241, 574.531
461.169, 331.585, 699.468
455.747, 463.818, 453.277
457.257, 460.163, 578.215
458.766, 456.508, 703.152
209.763, 448.696, 209.979
208.265, 449.957, 334.964
206.767, 451.218, 459.948
207.596, 573.671, 208.692
206.098, 574.932, 333.677
204.6, 576.193, 458.661
205.429, 698.645, 207.405
203.931, 699.906, 332.39
202.433, 701.167, 457.375
334.735, 450.878, 211.455
333.238, 452.139, 336.44
331.74, 453.4, 461.424
332.568, 575.853, 210.168
331.071, 577.114, 335.153
329.573, 578.375, 460.137
330.401, 700.827, 208.881
328.904, 702.088, 333.866
327.406, 703.35, 458.85
459.708, 453.06, 212.931
458.21, 454.321, 337.915
456.712, 455.582, 462.9
457.541, 578.035, 211.644
456.043, 579.296, 336.628
454.545, 580.557, 461.613
455.374, 703.009, 210.357
453.876, 704.271, 335.341
452.378, 705.532, 460.326
209.475, 451.635, 450.663
212.182, 450.808, 575.631
214.889, 449.981, 700.599
209.727, 576.632, 451.484
212.434, 575.805, 576.452
215.141, 574.979, 701.42
209.978, 701.629, 452.306
212.685, 700.802, 577.274
215.392, 699.976, 702.242
334.446, 451.401, 447.954
337.153, 450.575, 572.922
339.86, 449.748, 697.89
334.697, 576.398, 448.776
337.404, 575.572, 573.744
340.111, 574.745, 698.712
334.948, 701.396, 449.597
337.655, 700.569, 574.565
340.362, 699.742, 699.533
459.416, 451.168, 445.246
462.123, 450.341, 570.214
464.83, 449.514, 695.182
459.668, 576.165, 446.067
462.375, 575.338, 571.035
465.082, 574.512, 696.003
459.919, 701.162, 446.889
462.626, 700.335, 571.857
465.333, 699.508, 696.825
451.906, 210.817, 210.448
453.902, 209.432, 335.424
455.899, 208.046, 460.401
453.713, 335.797, 211.805
455.71, 334.411, 336.781
457.707, 333.026, 461.757
455.521, 460.776, 213.161
457.518, 459.391, 338.137
459.515, 458.005, 463.114
576.876, 209.031, 208.432
578.873, 207.646, 333.408
580.87, 206.261, 458.384
578.684, 334.011, 209.788
580.681, 332.625, 334.764
582.678, 331.24, 459.741
580.492, 458.99, 211.145
582.489, 457.605, 336.121
584.486, 456.22, 461.097
701.848, 207.245, 206.415
703.844, 205.86, 331.392
705.841, 204.475, 456.368
703.655, 332.225, 207.772
705.652, 330.84, 332.748
707.649, 329.454, 457.724
705.463, 457.204, 209.128
707.46, 455.819, 334.104
709.457, 454.434, 459.081
449.406, 210.095, 451.275
447.862, 211.328, 576.26
446.319, 212.561, 701.244
446.245, 335.049, 450.004
444.702, 336.282, 574.988
443.158, 337.514, 699.972
443.084, 460.002, 448.732
441.541, 461.235, 573.716
439.998, 462.468, 698.701
574.356, 213.271, 452.787
572.813, 214.504, 577.771
571.27, 215.737, 702.756
571.196, 338.225, 451.515
569.652, 339.457, 576.5
568.109, 340.69, 701.484
568.035, 463.178, 450.244
566.492, 464.411, 575.228
564.948, 465.644, 700.212
699.307, 216.447, 454.298
697.763, 217.68, 579.283
696.22, 218.913, 704.267
696.146, 341.401, 453.027
694.603, 342.633, 578.011
693.059, 343.866, 702.996
692.985, 466.354, 451.755
691.442, 467.587, 576.74
689.899, 468.82, 701.724
448.308, 448.457, 210.15
450.467, 449.656, 335.126
452.627, 450.855, 460.101
446.224, 573.434, 208.987
448.383, 574.633, 333.963
450.542, 575.833, 458.938
444.139, 698.411, 207.824
446.299, 699.61, 332.799
448.458, 700.81, 457.775
573.272, 450.521, 207.971
575.431, 451.72, 332.947
577.591, 452.919, 457.922
571.188, 575.498, 206.808
573.347, 576.697, 331.783
575.506, 577.896, 456.759
569.103, 700.475, 205.645
571.263, 701.674, 330.62
573.422, 702.874, 455.596
698.236, 452.585, 205.792
700.395, 453.784, 330.768
702.555, 454.983, 455.743
696.152, 577.562, 204.629
698.311, 578.761, 329.605
700.47, 579.96, 454.58
694.067, 702.539, 203.466
696.227, 703.738, 328.441
698.386, 704.938, 453.417
450.086, 451.085, 449.219
452.437, 448.475, 574.169
454.788, 445.864, 699.12
447.843, 576.037, 451.871
450.194, 573.426, 576.822
452.545, 570.816, 701.773
445.6, 700.989, 454.524
447.951, 698.378, 579.475
450.302, 695.768, 704.425
575.043, 453.377, 446.915
577.395, 450.767, 571.866
579.746, 448.156, 696.816
572.801, 578.329, 449.568
575.152, 575.718, 574.519
577.503, 573.108, 699.469
570.558, 703.281, 452.221
572.909, 700.67, 577.171
575.26, 698.06, 702.122
700.001, 455.669, 444.612
702.352, 453.059, 569.562
704.704, 450.448, 694.513
697.758, 580.621, 447.264
700.11, 578.01, 572.215
702.461, 575.4, 697.166
695.515, 705.573, 449.917
697.867, 702.962, 574.868
700.218, 700.352, 699.818
