27, 8, PA1 Student Answer/pa1-debug-b-output.txt
204.117, 209.259, 192.58
384.633, 411.748, 189.598
211.442, 211.956, 209.781
211.86, 213.628, 334.769
212.278, 215.3, 459.758
210.703, 336.943, 208.112
211.12, 338.615, 333.1
211.538, 340.287, 458.088
209.963, 461.93, 206.443
210.381, 463.601, 331.431
210.798, 465.273, 456.419
336.44, 212.69, 209.354
336.857, 214.362, 334.342
337.275, 216.034, 459.33
335.7, 337.677, 207.684
336.117, 339.349, 332.673
336.535, 341.021, 457.661
334.96, 462.664, 206.015
335.378, 464.335, 331.003
335.795, 466.007, 455.991
461.437, 213.424, 208.926
461.854, 215.096, 333.915
462.272, 216.768, 458.903
460.697, 338.411, 207.257
461.115, 340.083, 332.245
461.532, 341.755, 457.233
459.957, 463.398, 205.588
460.375, 465.07, 330.576
460.793, 466.741, 455.564
208.377, 210.31, 448.992
207.674, 212.784, 573.966
206.97, 215.258, 698.94
209.93, 335.276, 446.527
209.227, 337.75, 571.501
208.523, 340.224, 696.475
211.483, 460.242, 444.063
210.779, 462.716, 569.036
210.076, 465.19, 694.01
333.366, 208.771, 449.726
332.662, 211.245, 574.7
331.959, 213.719, 699.673
334.918, 333.737, 447.261
334.215, 336.211, 572.235
333.512, 338.685, 697.209
336.471, 458.703, 444.797
335.768, 461.177, 569.77
335.064, 463.651, 694.744
458.354, 207.233, 450.46
457.651, 209.707, 575.434
456.947, 212.18, 700.407
459.907, 332.199, 447.995
459.203, 334.673, 572.969
458.5, 337.147, 697.943
461.46, 457.165, 445.531
460.756, 459.639, 570.504
460.053, 462.113, 695.478
209.951, 451.062, 211.829
210.065, 451.784, 336.827
210.178, 452.506, 461.825
213.007, 576.023, 211.104
213.121, 576.745, 336.102
213.235, 577.467, 461.1
216.064, 700.983, 210.38
216.178, 701.705, 335.378
216.292, 702.427, 460.376
334.913, 448.005, 211.733
335.027, 448.727, 336.73
335.141, 449.449, 461.728
337.97, 572.966, 211.008
338.084, 573.688, 336.006
338.198, 574.409, 461.004
341.026, 697.926, 210.284
341.14, 698.648, 335.282
341.254, 699.37, 460.28
459.876, 444.948, 211.636
459.99, 445.67, 336.634
460.104, 446.392, 461.632
462.932, 569.909, 210.912
463.046, 570.63, 335.91
463.16, 571.352, 460.908
465.989, 694.869, 210.188
466.103, 695.591, 335.186
466.217, 696.313, 460.183
209.662, 450.271, 451.136
209.418, 451.003, 576.133
209.175, 451.734, 701.131
208.595, 575.265, 450.402
208.351, 575.996, 575.4
208.107, 576.728, 700.398
207.527, 700.258, 449.669
207.284, 700.989, 574.667
207.04, 701.721, 699.664
334.657, 451.34, 451.373
334.414, 452.072, 576.371
334.17, 452.803, 701.369
333.59, 576.333, 450.64
333.346, 577.065, 575.638
333.103, 577.796, 700.635
332.523, 701.327, 449.906
332.279, 702.058, 574.904
332.035, 702.79, 699.902
459.653, 452.409, 451.611
459.409, 453.14, 576.609
459.165, 453.872, 701.606
458.585, 577.402, 450.877
458.341, 578.134, 575.875
458.098, 578.865, 700.873
457.518, 702.396, 450.144
457.274, 703.127, 575.141
457.03, 703.859, 700.139
448.609, 210.543, 211.717
445.052, 207.766, 336.635
441.495, 204.988, 461.554
445.949, 335.486, 214.419
442.391, 332.708, 339.337
438.834, 329.93, 464.256
443.288, 460.428, 217.121
439.731, 457.651, 342.04
436.173, 454.873, 466.958
573.531, 213.125, 215.332
569.973, 210.348, 340.25
566.416, 207.57, 465.169
570.87, 338.068, 218.034
567.312, 335.29, 342.952
563.755, 332.512, 467.871
568.209, 463.01, 220.736
564.652, 460.232, 345.655
561.094, 457.455, 470.573
698.452, 215.707, 218.947
694.894, 212.929, 343.865
691.337, 210.152, 468.783
695.791, 340.65, 221.649
692.234, 337.872, 346.567
688.676, 335.094, 471.486
693.13, 465.592, 224.351
689.573, 462.814, 349.27
686.016, 460.037, 474.188
451.932, 210.483, 450.63
451.91, 207.108, 575.584
451.888, 203.733, 700.539
452.73, 335.435, 454.005
452.708, 332.06, 578.959
452.686, 328.685, 703.914
453.527, 460.387, 457.38
453.505, 457.012, 582.334
453.483, 453.637, 707.289
576.93, 209.686, 450.63
576.908, 206.311, 575.585
576.886, 202.936, 700.539
577.727, 334.637, 454.005
577.705, 331.263, 578.96
577.683, 327.888, 703.914
578.524, 459.589, 457.38
578.502, 456.214, 582.335
578.48, 452.839, 707.289
701.927, 208.888, 450.631
701.905, 205.513, 575.585
701.883, 202.138, 700.54
702.724, 333.84, 454.006
702.703, 330.465, 578.96
702.68, 327.09, 703.915
703.522, 458.792, 457.381
703.5, 455.417, 582.335
703.478, 452.042, 707.29
448.788, 451.339, 211.303
447.77, 448.481, 336.266
446.751, 445.623, 461.229
449.226, 576.305, 214.165
448.207, 573.447, 339.128
447.189, 570.589, 464.091
449.663, 701.272, 217.027
448.645, 698.414, 341.99
447.627, 695.555, 466.953
573.783, 450.878, 212.311
572.765, 448.02, 337.274
571.747, 445.162, 462.237
574.221, 575.844, 215.173
573.203, 572.986, 340.136
572.184, 570.128, 465.099
574.659, 700.811, 218.035
573.64, 697.953, 342.998
572.622, 695.095, 467.961
698.778, 450.417, 213.319
697.76, 447.559, 338.282
696.742, 444.701, 463.245
699.216, 575.383, 216.181
698.198, 572.525, 341.144
697.179, 569.667, 466.107
699.654, 700.35, 219.043
698.635, 697.492, 344.006
697.617, 694.634, 468.969
449.348, 450.105, 451.908
446.331, 446.677, 576.825
443.313, 443.25, 701.742
447.574, 575.046, 455.294
444.557, 571.619, 580.21
441.539, 568.192, 705.127
445.8, 699.988, 458.679
442.783, 696.561, 583.595
439.765, 693.133, 708.512
574.299, 451.796, 454.973
571.281, 448.368, 579.89
568.264, 444.941, 704.806
572.525, 576.737, 458.359
569.508, 573.31, 583.275
566.49, 569.883, 708.192
570.751, 701.679, 461.744
567.734, 698.252, 586.66
564.716, 694.824, 711.577
699.25, 453.487, 458.038
696.232, 450.059, 582.955
693.215, 446.632, 707.871
697.476, 578.428, 461.423
694.458, 575.001, 586.34
691.441, 571.574, 711.256
695.702, 703.37, 464.809
692.685, 699.943, 589.725
689.667, 696.515, 714.642
