200, ../OUTPUT/PA4-K-Unknown_Output.txt
  16.14   21.21   38.27    16.21   21.51   38.26  0.310
 -32.20    7.38  -18.57   -32.17    7.35  -18.59  0.044
 -22.50    2.66  -44.32   -22.50    2.68  -44.34  0.031
  20.02   15.50   48.97    20.04   15.51   48.97  0.019
  -2.42   -6.62  -34.99    -2.47   -6.64  -34.99  0.048
 -37.16   -0.40  -39.12   -37.17   -0.40  -39.12  0.011
 -19.99  -31.78  -34.22   -20.00  -31.76  -34.21  0.024
 -35.07    1.55  -13.35   -34.99    1.50  -13.43  0.116
  29.92   -7.90    5.47    29.92   -7.94    5.48  0.044
  37.57   11.59   -6.27    37.51   11.56   -6.26  0.075
  11.39   20.37   58.79    11.41   20.52   58.81  0.143
  21.86  -15.72  -14.24    21.87  -15.74  -14.24  0.025
  24.09   23.01  -22.14    24.11   23.04  -22.16  0.040
  -5.88  -13.43  -42.86    -5.84  -13.45  -42.91  0.068
  27.09   19.13   14.27    27.12   19.15   14.29  0.045
   0.75  -18.55  -11.23     0.75  -18.54  -11.23  0.009
   3.40   -7.35   60.98     3.39   -7.36   60.98  0.015
   4.74   20.52   43.23     4.76   20.39   43.21  0.137
   0.86  -18.65  -24.29     0.93  -18.68  -24.31  0.078
  -9.63    7.29   -6.03    -9.66    7.36   -6.04  0.076
  10.51    5.87   62.87    10.51    5.87   62.90  0.031
  24.10   24.64   -5.50    24.09   24.60   -5.50  0.036
 -26.92    9.26  -35.19   -26.92    9.25  -35.19  0.013
  -6.86    6.64   59.44    -7.04    6.65   59.44  0.179
   1.78  -18.90  -22.15     1.69  -18.85  -22.12  0.107
  -4.23  -17.30   -7.14    -4.23  -17.33   -7.13  0.028
 -28.43  -22.98  -43.76   -28.43  -22.98  -43.76  0.005
  -5.39  -24.15  -35.06    -5.37  -24.16  -35.06  0.019
  11.11   20.60   55.74    11.12   20.69   55.74  0.090
 -16.41   -8.85   -0.55   -16.44   -8.87   -0.52  0.048
  -6.65    8.32   55.60    -6.66    8.32   55.60  0.008
   5.97  -12.34    6.76     5.96  -12.39    6.77  0.057
  12.22  -10.83    8.76    12.21  -10.81    8.75  0.027
 -31.03  -20.44   -8.58   -31.01  -20.42   -8.61  0.040
  34.47   -4.67    8.04    34.43   -4.63    8.02  0.067
  15.90   11.36  -26.91    15.93   11.39  -26.90  0.046
  -3.01   -9.55   18.53    -3.01   -9.52   18.53  0.025
 -14.01   -6.15  -47.75   -14.01   -6.15  -47.72  0.021
  -7.68   24.19   30.56    -7.68   24.17   30.56  0.014
  -3.88  -11.11  -40.89    -3.87  -11.11  -40.90  0.013
 -32.47  -17.63   -8.55   -32.44  -17.62   -8.60  0.053
 -24.83    6.60  -40.59   -24.81    6.54  -40.54  0.084
   1.12  -10.42   16.15     1.12  -10.39   16.14  0.031
  -5.26   16.96   10.90    -5.19   16.91   10.98  0.110
  22.10   24.93  -14.95    22.14   25.08  -14.96  0.158
  -2.08  -22.37  -31.34    -2.07  -22.37  -31.35  0.005
  15.34   21.70   37.10    15.34   21.69   37.10  0.007
  -6.82  -27.35  -24.17    -6.73  -27.48  -24.15  0.162
   7.23   -5.76  -23.07     7.20   -5.77  -22.99  0.088
  27.88   -3.21   18.15    27.78   -3.10   18.10  0.160
  27.75   11.61   22.09    27.83   11.63   22.11  0.087
 -14.11  -26.63  -12.86   -14.13  -26.58  -12.88  0.057
  27.49   22.22  -18.49    27.43   22.15  -18.46  0.096
 -36.55   -6.31  -42.69   -36.53   -6.31  -42.67  0.032
 -11.82  -30.38  -23.19   -11.85  -30.30  -23.21  0.094
  22.56   25.09  -13.78    22.55   25.04  -13.78  0.051
  20.40  -12.45  -20.85    20.51  -12.37  -20.76  0.159
  18.97  -17.16   -8.43    18.97  -17.16   -8.43  0.002
  25.68   -4.82   17.15    25.63   -4.74   17.11  0.096
  -6.14  -24.70  -17.59    -6.09  -24.77  -17.55  0.105
 -34.84    4.58  -36.16   -34.77    4.50  -36.12  0.121
   4.11  -13.63   -0.20     4.12  -13.62   -0.21  0.017
 -21.41  -11.13  -49.64   -21.41  -11.12  -49.60  0.046
 -15.60  -17.06   -5.71   -15.60  -17.06   -5.70  0.006
  15.61   21.30   41.40    15.60   21.28   41.40  0.022
   8.35   -6.57   34.99     8.36   -6.69   34.99  0.120
 -35.77  -12.79  -44.99   -35.73  -12.76  -44.94  0.078
  11.73   21.60   35.42    11.67   21.99   35.45  0.394
   7.62   18.81   61.59     7.62   18.76   61.55  0.060
 -30.48  -14.38   -6.60   -30.47  -14.33   -6.70  0.111
 -22.39  -11.42   -4.64   -22.36  -11.41   -4.69  0.052
 -24.70  -31.11  -34.48   -24.70  -31.10  -34.47  0.009
  -4.23   18.47   42.14    -4.26   18.53   42.16  0.062
 -35.55  -25.08  -35.03   -35.58  -25.11  -35.04  0.042
  -8.52  -24.69  -38.56    -8.50  -24.72  -38.59  0.040
  33.85   -5.28    0.45    33.84   -5.28    0.45  0.011
  -0.91  -18.39  -34.59    -0.99  -18.38  -34.55  0.085
 -27.90    2.97  -13.41   -27.89    2.96  -13.44  0.026
   0.24   -6.18  -28.27     0.26   -6.17  -28.29  0.025
  23.46    8.67   44.48    23.39    8.67   44.48  0.072
   0.62   -6.77   56.08     0.63   -6.75   56.08  0.020
 -19.02   -4.18  -47.89   -19.03   -4.19  -47.85  0.041
   5.27  -10.50  -23.77     5.27  -10.50  -23.77  0.004
  -3.82   -4.65  -39.15    -3.84   -4.66  -39.13  0.024
  14.68  -14.26    0.88    14.69  -14.27    0.88  0.006
   2.96   -7.03   48.97     2.97   -6.94   48.96  0.087
 -23.21  -11.10  -49.35   -23.21  -11.08  -49.31  0.044
  40.47    3.48   -4.26    40.56    3.48   -4.25  0.087
   9.75   25.71   11.58     9.74   25.65   11.57  0.062
  35.68   -1.46  -18.68    35.64   -1.45  -18.66  0.039
  32.99   17.15    6.84    33.06   17.20    6.85  0.080
  19.16   25.52    7.39    19.19   25.62    7.42  0.108
 -26.46  -14.28  -47.93   -26.46  -14.27  -47.88  0.045
  -3.42   -4.34   51.07    -3.37   -4.29   51.05  0.064
  29.14  -10.20   -4.75    29.12  -10.17   -4.75  0.034
  11.95   17.98  -20.99    11.99   18.00  -21.00  0.043
   6.88   20.26   -5.37     6.99   20.22   -5.30  0.133
  -0.98   -7.77   28.18    -1.00   -7.88   28.19  0.113
  -3.91   -5.41   34.94    -3.76   -5.27   34.94  0.207
   0.91  -11.52    9.08     0.91  -11.53    9.08  0.017
 -39.54   -3.23  -37.63   -39.45   -3.26  -37.58  0.108
  20.75  -13.31   -2.40    20.80  -13.40   -2.35  0.108
 -14.69   -9.93  -48.26   -14.68   -9.93  -48.30  0.038
   4.46   18.42   62.06     4.41   18.54   62.16  0.162
 -37.32    5.32  -25.87   -37.23    5.23  -25.88  0.131
  20.20    2.94  -25.80    20.23    2.95  -25.78  0.040
 -35.69    6.52  -25.40   -35.69    6.52  -25.40  0.004
  -6.94  -23.64  -14.54    -6.97  -23.59  -14.58  0.064
  -4.68   13.73   54.17    -4.51   13.62   54.16  0.196
  -3.58  -20.40  -36.83    -3.55  -20.42  -36.85  0.043
  36.67   13.05   -5.22    36.69   13.07   -5.22  0.022
   0.09  -17.45  -29.22     0.17  -17.47  -29.25  0.088
  -6.74    7.02   50.69    -6.95    7.06   50.69  0.212
  -7.71   23.76   32.75    -7.71   23.72   32.74  0.042
 -15.88    8.94  -37.85   -15.89    8.89  -37.81  0.065
 -16.58   11.53  -31.57   -16.62   11.43  -31.54  0.118
  14.53   -5.80   32.72    14.55   -5.90   32.72  0.101
  -4.11  -17.92   -8.27    -4.12  -17.89   -8.28  0.034
  -8.70  -19.14  -43.63    -8.68  -19.14  -43.67  0.040
 -38.83   -0.97  -36.94   -38.91   -0.92  -36.98  0.097
 -17.04   10.34  -20.63   -17.03   10.36  -20.61  0.034
 -11.31    0.04   13.72   -11.47   -0.01   13.77  0.179
  -6.58    0.29   34.30    -6.86    0.23   34.33  0.286
  13.15   27.27    0.86    13.16   27.37    0.85  0.095
 -32.89    1.60  -12.97   -32.90    1.57  -13.08  0.118
  27.44    8.22   26.05    27.42    8.22   26.05  0.016
  20.64  -12.06    0.20    20.59  -11.98    0.15  0.106
  36.52    7.28  -16.48    36.51    7.28  -16.48  0.011
 -26.59  -20.95  -45.97   -26.59  -20.96  -45.99  0.026
 -25.53  -28.15  -13.61   -25.54  -28.25  -13.55  0.117
  -6.64   -2.51   32.42    -6.61   -2.50   32.42  0.026
   1.34   -6.70   53.81     1.28   -6.87   53.80  0.173
  16.63  -10.72  -19.99    16.66  -10.64  -19.90  0.123
 -13.16   15.48   17.46   -13.14   15.49   17.49  0.039
 -28.00  -26.66  -40.42   -27.98  -26.58  -40.36  0.100
  38.40   10.84   -3.54    38.40   10.84   -3.54  0.001
 -20.81  -24.36   -9.09   -20.81  -24.36   -9.10  0.005
  18.43   21.89   29.63    18.36   21.75   29.61  0.152
  -0.45   -6.45   38.83    -0.44   -6.43   38.83  0.024
  13.89   22.78  -27.73    13.94   22.70  -27.73  0.095
  -7.76    6.37   35.25    -7.68    6.40   35.24  0.081
  -6.33    5.70  -26.38    -6.31    5.73  -26.39  0.031
  29.74   17.00   13.12    29.74   17.00   13.12  0.004
  34.27   -6.03  -13.69    34.34   -6.08  -13.70  0.087
  -5.59    8.95   -4.76    -5.66    9.10   -4.79  0.166
 -11.34    9.98   30.33   -11.33    9.99   30.33  0.017
 -39.20  -20.38  -34.82   -39.11  -20.33  -34.78  0.106
  11.12   -6.34  -21.96    11.12   -6.31  -21.89  0.073
  20.47   -7.25  -23.74    20.47   -7.23  -23.71  0.034
  13.92   22.58  -24.50    13.95   22.55  -24.49  0.048
  -5.07    2.21  -29.59    -5.04    2.23  -29.60  0.033
  13.47   24.07   19.81    13.46   24.05   19.81  0.025
  11.97   -6.44   60.91    11.91   -6.31   60.91  0.147
 -35.94    1.82  -38.47   -35.94    1.82  -38.46  0.007
  39.26    9.16   -0.42    39.31    9.17   -0.42  0.056
 -28.81    9.82  -20.46   -28.81    9.83  -20.46  0.002
 -35.59    1.41  -39.32   -35.58    1.41  -39.31  0.010
 -24.84   -8.90  -49.22   -24.82   -8.93  -49.15  0.087
 -19.16    3.62  -10.69   -19.13    3.57  -10.73  0.066
  -4.66    3.03  -27.97    -4.66    3.03  -27.97  0.000
   6.62   -9.06   17.66     6.62   -9.06   17.66  0.001
   0.40   -6.36   46.63     0.36   -6.45   46.64  0.105
 -19.81   -0.20   -6.37   -19.85   -0.17   -6.34  0.060
  26.50   23.28  -10.77    26.52   23.32  -10.78  0.035
  -6.25    0.34   46.47    -6.14    0.38   46.47  0.120
  -7.07    3.14  -36.06    -7.04    3.17  -36.08  0.052
  23.90   16.06   27.53    24.04   16.14   27.57  0.158
  16.62    9.25  -24.30    16.73    9.28  -24.28  0.112
  -8.23  -20.59   -9.93    -8.19  -20.66   -9.83  0.120
   8.19   -6.97   47.92     8.17   -6.80   47.91  0.172
  20.37   18.23   35.59    20.60   18.37   35.64  0.279
  14.08   23.41  -20.14    14.06   23.46  -20.14  0.051
  32.97   -2.45   12.29    33.06   -2.53   12.37  0.142
 -22.26   -4.03  -47.58   -22.24   -4.06  -47.51  0.077
  22.94   16.09   32.11    22.94   16.09   32.11  0.004
 -18.33  -16.42  -47.92   -18.33  -16.40  -47.89  0.033
 -11.70    2.64   14.84   -11.82    2.63   14.86  0.122
 -38.50  -16.29  -13.25   -38.60  -16.34  -13.19  0.127
 -17.57  -28.52  -14.30   -17.56  -28.57  -14.27  0.060
  21.22   -5.61   20.93    21.25   -5.72   20.94  0.113
   4.29   -0.16  -22.66     4.28   -0.17  -22.65  0.018
  19.65    6.35  -27.28    19.72    6.36  -27.25  0.078
 -14.99  -11.96  -48.53   -14.99  -11.97  -48.52  0.016
 -12.48    9.14  -33.27   -12.53    9.04  -33.24  0.109
  -4.77   13.00   55.09    -4.71   12.98   55.08  0.065
  -6.88    6.52   53.96    -7.04    6.55   53.96  0.157
  13.90  -16.19   -2.03    13.90  -16.23   -2.02  0.047
 -24.16    0.45  -11.23   -24.11    0.40  -11.28  0.086
 -19.55    0.19   -6.19   -19.53    0.18   -6.21  0.028
  34.89   11.40  -17.68    34.87   11.39  -17.67  0.031
 -21.35    7.07  -40.01   -21.35    7.08  -40.02  0.015
 -14.99   14.80   31.65   -14.96   14.82   31.63  0.042
 -31.65    4.79  -39.11   -31.63    4.78  -39.09  0.030
 -14.38   13.63   32.04   -14.29   13.66   31.98  0.107
  -8.27   13.76   11.52    -8.24   13.75   11.54  0.041
 -39.48  -21.85  -21.53   -39.63  -21.95  -21.51  0.177
  21.90    7.86   53.42    22.10    7.86   53.45  0.204
 -36.28   -3.21  -41.85   -36.32   -3.20  -41.90  0.063
  30.72   20.53    0.85    30.69   20.48    0.85  0.056
 -31.74    8.20  -19.75   -31.72    8.18  -19.76  0.030
