200, ../OUTPUT/PA4-G-Unknown_Output.txt
  -4.23  -18.48  -39.21    -4.23  -18.48  -39.21  0.000
  -7.00    6.76   51.23    -7.01    6.76   51.23  0.004
  12.31   21.63   49.55    12.31   21.64   49.55  0.012
 -11.71  -13.51  -47.04   -11.71  -13.51  -47.04  0.000
   7.09   25.17   10.65     7.09   25.17   10.65  0.001
  -5.24   20.26   13.54    -5.24   20.26   13.54  0.002
 -41.24  -16.08  -30.70   -41.23  -16.08  -30.70  0.006
 -18.60  -31.94  -21.54   -18.60  -31.95  -21.54  0.007
  17.46  -10.11  -20.63    17.46  -10.11  -20.63  0.006
  30.34    7.76  -28.44    30.34    7.76  -28.44  0.001
  -6.46   -6.21  -43.32    -6.46   -6.21  -43.32  0.002
  37.48   10.83   -8.68    37.48   10.83   -8.68  0.000
  18.56   -1.29   59.07    18.57   -1.29   59.07  0.008
  -7.02    6.95   59.03    -7.01    6.95   59.03  0.008
   0.63  -14.77   -3.36     0.63  -14.76   -3.36  0.004
  38.28    5.52  -11.74    38.28    5.52  -11.75  0.005
  -9.32    6.99   28.77    -9.32    6.99   28.77  0.007
   5.19   23.05   26.99     5.20   23.06   27.00  0.016
  18.91   -8.36   10.53    18.91   -8.36   10.53  0.002
  -5.09   24.34   29.19    -5.09   24.33   29.19  0.007
  21.15    3.47   56.55    21.16    3.46   56.55  0.008
  22.13   10.06   51.93    22.13   10.06   51.93  0.006
  28.16   -3.18   17.07    28.16   -3.18   17.07  0.003
  35.61   -1.36  -18.80    35.62   -1.36  -18.80  0.004
  16.82   -4.67   45.46    16.82   -4.67   45.46  0.007
  11.92   -6.31   42.21    11.92   -6.31   42.21  0.003
 -29.01  -26.70  -39.76   -29.01  -26.70  -39.76  0.008
 -10.11    7.46    4.21   -10.11    7.45    4.21  0.006
  19.82   -8.75    8.12    19.82   -8.76    8.12  0.003
 -13.31   -5.33    5.65   -13.32   -5.33    5.65  0.002
  -2.38   15.52   58.01    -2.38   15.52   58.01  0.003
 -13.65   10.68   23.36   -13.65   10.68   23.36  0.000
  21.41   25.60    3.17    21.41   25.60    3.17  0.000
   3.12  -17.97  -12.32     3.12  -17.97  -12.32  0.000
 -33.34  -28.32  -21.49   -33.35  -28.32  -21.49  0.006
  19.35  -14.75  -16.95    19.35  -14.75  -16.95  0.009
 -30.89  -11.68  -46.94   -30.89  -11.67  -46.93  0.011
  -3.98  -13.64   -0.55    -3.98  -13.64   -0.55  0.000
  21.11    1.93   53.57    21.11    1.93   53.57  0.004
   0.47  -16.94  -28.66     0.47  -16.94  -28.66  0.000
 -13.43  -29.48  -35.56   -13.43  -29.49  -35.57  0.004
 -26.30  -29.91  -16.28   -26.31  -29.91  -16.27  0.008
   0.46   -1.76  -25.83     0.46   -1.76  -25.83  0.001
  22.49   -6.24   15.19    22.49   -6.22   15.19  0.013
   9.83   20.72   56.49     9.83   20.73   56.49  0.010
  26.72   10.71   26.63    26.72   10.71   26.63  0.002
 -29.22  -29.85  -34.17   -29.22  -29.85  -34.17  0.006
 -15.78   19.86   23.91   -15.79   19.86   23.91  0.005
  -0.06  -12.53  -33.19    -0.05  -12.53  -33.20  0.006
 -23.13    9.24  -17.93   -23.13    9.24  -17.93  0.003
   1.24    8.60  -14.95     1.24    8.61  -14.96  0.008
 -11.50   -4.31    9.95   -11.50   -4.31    9.95  0.003
   6.66   -8.39   19.73     6.66   -8.40   19.74  0.006
  -3.70    9.06  -10.90    -3.70    9.05  -10.90  0.010
 -41.50   -7.67  -16.34   -41.49   -7.67  -16.34  0.010
 -42.13  -17.79  -23.92   -42.13  -17.79  -23.92  0.003
  32.88   17.64   -4.44    32.89   17.64   -4.44  0.003
  18.47   16.14   56.18    18.47   16.13   56.18  0.009
 -19.26   -4.10  -47.90   -19.26   -4.10  -47.89  0.009
  16.50   -6.58   21.81    16.50   -6.57   21.81  0.012
  18.20   -5.95   25.15    18.20   -5.94   25.15  0.008
   9.23   26.15    4.26     9.23   26.17    4.26  0.012
 -39.03  -18.09  -37.37   -39.03  -18.09  -37.37  0.003
 -36.06  -26.81  -26.62   -36.07  -26.82  -26.62  0.010
 -21.28  -18.04  -47.66   -21.28  -18.04  -47.65  0.005
 -16.82   12.05  -26.91   -16.82   12.04  -26.91  0.005
  -5.93   -2.63   36.51    -5.94   -2.63   36.51  0.006
   5.23  -16.93  -12.17     5.23  -16.92  -12.17  0.014
   5.71   -7.00   49.82     5.71   -7.02   49.82  0.011
  16.27   24.99  -15.33    16.26   25.00  -15.33  0.011
  -6.20   -1.53   36.54    -6.19   -1.53   36.54  0.006
  -8.42    8.26  -23.30    -8.42    8.26  -23.30  0.002
  29.53   16.45   13.99    29.52   16.45   13.98  0.005
   0.89  -19.03  -19.25     0.89  -19.03  -19.25  0.001
   7.30   15.84   63.19     7.30   15.84   63.20  0.002
  20.76    0.68  -25.46    20.77    0.69  -25.46  0.005
 -39.79  -15.71  -35.81   -39.79  -15.71  -35.81  0.004
 -25.24  -31.43  -19.18   -25.24  -31.44  -19.18  0.010
 -25.80   -5.89   -7.42   -25.80   -5.89   -7.43  0.005
 -30.85  -15.31  -46.36   -30.84  -15.31  -46.36  0.004
  -0.38   -7.35   31.78    -0.38   -7.35   31.78  0.000
 -30.72  -27.25  -15.50   -30.72  -27.25  -15.50  0.003
  26.51   13.35   24.40    26.51   13.35   24.40  0.002
  20.31   20.89  -27.72    20.31   20.89  -27.72  0.001
  11.79   20.56   58.12    11.79   20.55   58.12  0.011
  32.46   -2.28   13.34    32.45   -2.28   13.34  0.011
  -0.26   -7.37   32.30    -0.26   -7.37   32.30  0.004
  11.52   24.22   -8.14    11.51   24.22   -8.15  0.005
  35.39   12.16  -14.99    35.39   12.16  -14.99  0.003
  14.62  -13.39  -17.30    14.62  -13.40  -17.30  0.001
 -11.28    8.02   12.12   -11.28    8.02   12.12  0.003
   6.81   11.23  -10.69     6.81   11.23  -10.70  0.008
 -13.34    5.21  -41.16   -13.34    5.21  -41.16  0.002
 -23.09    2.84  -44.25   -23.09    2.84  -44.24  0.004
   1.52   -5.98  -26.77     1.52   -5.98  -26.77  0.003
 -15.56  -11.24   -1.99   -15.56  -11.24   -1.99  0.008
   9.37   22.92   -6.39     9.36   22.92   -6.39  0.005
  -7.73  -22.94  -39.77    -7.73  -22.94  -39.78  0.007
  -6.72    8.39   47.63    -6.71    8.39   47.63  0.008
 -35.20    6.68  -29.34   -35.20    6.68  -29.34  0.000
  11.86   -6.23  -21.94    11.86   -6.23  -21.93  0.004
  14.61   25.79   -7.97    14.60   25.80   -7.98  0.005
 -35.24  -19.42  -41.53   -35.25  -19.42  -41.53  0.005
  35.29   15.70    2.66    35.29   15.70    2.66  0.002
 -24.42   11.99  -26.17   -24.42   11.99  -26.17  0.001
  14.71   18.69  -30.98    14.71   18.69  -30.98  0.001
  -6.57   11.36   44.95    -6.56   11.36   44.95  0.012
   8.06   20.38   56.17     8.06   20.38   56.17  0.000
   9.82  -14.30  -17.09     9.82  -14.30  -17.09  0.003
 -38.66    2.63  -31.65   -38.66    2.62  -31.65  0.013
 -28.35   -1.85  -11.06   -28.35   -1.85  -11.06  0.001
  28.57   -7.35  -24.15    28.57   -7.35  -24.16  0.004
  -9.48    6.90   28.22    -9.48    6.90   28.22  0.002
  27.07   23.21   -5.66    27.07   23.22   -5.66  0.003
  18.41    0.62   62.38    18.41    0.62   62.38  0.002
  21.61  -13.45  -19.71    21.61  -13.44  -19.71  0.009
 -36.95   -2.59  -40.96   -36.94   -2.59  -40.96  0.005
  34.55   -2.33  -20.58    34.55   -2.33  -20.58  0.006
 -28.34   -3.50   -9.99   -28.34   -3.50   -9.99  0.001
  15.39    8.54   63.16    15.39    8.54   63.17  0.003
  27.96   21.99    7.04    27.96   22.00    7.05  0.011
 -28.63    3.37  -41.98   -28.63    3.37  -41.97  0.006
  39.86    7.13   -0.12    39.86    7.14   -0.12  0.006
  -2.09   -7.26  -36.50    -2.09   -7.26  -36.50  0.002
  22.16   25.17  -10.96    22.16   25.18  -10.96  0.009
 -40.97    0.30  -24.05   -40.96    0.30  -24.05  0.008
  32.48   -4.85   10.76    32.48   -4.85   10.76  0.007
 -18.77  -31.77  -19.86   -18.77  -31.78  -19.85  0.005
  -6.40  -25.08  -35.18    -6.40  -25.09  -35.19  0.009
   3.72  -12.17    7.91     3.72  -12.17    7.91  0.006
  16.36   17.97   57.82    16.37   17.97   57.82  0.009
  -5.51   11.66   59.12    -5.51   11.65   59.12  0.011
  -6.86    9.39   44.55    -6.87    9.39   44.55  0.008
 -14.64    3.64   -1.96   -14.64    3.64   -1.96  0.001
 -31.44  -19.19   -8.42   -31.44  -19.19   -8.42  0.000
  17.71   22.54  -27.47    17.71   22.55  -27.47  0.006
   6.24  -11.93  -22.29     6.24  -11.93  -22.28  0.001
 -40.23  -21.67  -28.37   -40.23  -21.67  -28.37  0.002
 -27.14    6.84  -15.57   -27.14    6.84  -15.57  0.002
   3.91   22.18    4.16     3.90   22.18    4.16  0.009
  21.39  -11.02  -21.56    21.39  -11.02  -21.55  0.010
  -3.63   18.55   10.75    -3.63   18.55   10.75  0.001
  33.41   -4.99  -21.44    33.40   -4.98  -21.43  0.007
  -4.97   -5.76   28.98    -4.98   -5.77   28.98  0.012
  31.72    8.44  -26.58    31.72    8.44  -26.58  0.002
  -2.86  -11.91    4.50    -2.86  -11.92    4.50  0.010
   6.96   24.40    3.40     6.96   24.40    3.39  0.008
  31.17   -9.44  -14.26    31.17   -9.44  -14.26  0.008
  28.22   20.90    9.86    28.22   20.91    9.87  0.012
  -9.04  -18.35  -44.10    -9.04  -18.35  -44.09  0.003
 -34.87    3.16  -15.06   -34.87    3.16  -15.06  0.000
  15.88   -7.94   14.30    15.88   -7.94   14.30  0.002
 -17.54  -32.29  -29.77   -17.54  -32.28  -29.77  0.002
  33.30   -4.99  -21.83    33.29   -4.99  -21.83  0.011
 -34.75  -17.14  -43.65   -34.75  -17.14  -43.65  0.002
  -9.98   23.32   19.75    -9.98   23.32   19.75  0.003
 -43.48  -10.57  -22.02   -43.47  -10.57  -22.02  0.007
  26.11   23.41  -16.64    26.11   23.42  -16.64  0.006
  -5.47  -10.92    6.31    -5.47  -10.92    6.31  0.002
  18.87   20.49   36.05    18.87   20.49   36.05  0.001
  12.48   18.88  -29.70    12.48   18.88  -29.70  0.002
  21.44   14.21   45.57    21.44   14.21   45.57  0.006
 -14.58  -31.60  -24.50   -14.58  -31.60  -24.50  0.008
 -36.09  -26.07  -31.40   -36.09  -26.07  -31.40  0.001
  -2.17   15.76   57.11    -2.17   15.76   57.11  0.006
  -0.92   21.42   37.13    -0.92   21.41   37.13  0.005
  15.64  -10.98    6.49    15.64  -10.98    6.49  0.006
 -13.41  -31.07  -29.79   -13.40  -31.07  -29.79  0.008
   9.22   25.53    1.28     9.21   25.54    1.28  0.011
  20.17   -1.18   49.67    20.17   -1.18   49.67  0.005
 -14.89  -19.94   -7.87   -14.89  -19.94   -7.86  0.006
  35.75    8.06  -18.37    35.75    8.06  -18.37  0.002
  13.12   -5.75   59.70    13.12   -5.75   59.70  0.006
 -15.21   -7.74    1.37   -15.21   -7.75    1.37  0.004
 -32.55    7.82  -20.47   -32.54    7.82  -20.47  0.003
 -18.65  -10.25  -49.13   -18.65  -10.25  -49.13  0.003
  -6.88    3.78   56.83    -6.87    3.78   56.83  0.009
 -36.62  -24.77  -33.61   -36.62  -24.76  -33.61  0.005
  -7.40    8.21   39.66    -7.41    8.21   39.67  0.011
 -30.18    6.38  -38.10   -30.17    6.38  -38.09  0.008
 -17.73    6.04  -13.42   -17.73    6.04  -13.42  0.001
  20.51   -9.77    4.49    20.50   -9.77    4.49  0.005
  27.89   22.38  -15.66    27.89   22.38  -15.66  0.001
   7.78   -9.22  -23.01     7.78   -9.21  -23.00  0.002
  -6.88    4.27   53.47    -6.88    4.27   53.47  0.003
  14.11   -3.98   62.61    14.11   -3.98   62.62  0.009
   6.36   19.50   60.90     6.36   19.51   60.90  0.002
 -11.93  -28.24  -16.93   -11.93  -28.24  -16.93  0.003
 -22.50   12.23  -26.22   -22.50   12.22  -26.22  0.012
  39.81    7.43   -0.75    39.81    7.43   -0.75  0.001
  34.19   -0.83   12.67    34.18   -0.83   12.66  0.007
 -21.16  -12.74  -47.73   -21.16  -12.75  -47.73  0.013
  -0.25   -6.26   44.70    -0.25   -6.25   44.70  0.003
  28.92   -5.29   12.85    28.91   -5.28   12.85  0.006
  24.29    3.40   37.56    24.28    3.40   37.55  0.009
  22.48   10.36   49.31    22.47   10.36   49.31  0.002
 -23.84  -31.78  -19.79   -23.84  -31.78  -19.79  0.006
  -6.92   19.93   14.27    -6.92   19.93   14.27  0.005
  34.49   -4.50    8.29    34.48   -4.49    8.29  0.012
  -4.01   24.08   29.51    -4.01   24.07   29.51  0.002
