150, ../OUTPUT/PA5-A-Debug_Output.txt
  -1.48   -0.25   45.05    -5.24   -2.02   45.15  4.157
   5.51    9.09   -8.25     5.22   11.60   -9.82  2.975
   6.97   -6.65   22.06     7.28   -7.82   22.23  1.222
  30.75   -4.83  -12.71    33.12   -7.26  -12.22  3.429
  -0.76  -14.37  -33.23    -0.07  -14.38  -33.52  0.748
  20.92   24.00    9.60    21.06   24.35    9.68  0.384
  18.10   13.76   66.46    17.70   14.29   63.23  3.303
 -31.86   -8.52  -10.88   -32.78   -7.44   -8.36  2.888
  10.06   -9.00  -21.04    10.46   -8.40  -21.86  1.093
 -32.42    6.09  -41.54   -30.97    4.59  -39.81  2.708
 -33.64  -16.72  -47.76   -32.95  -15.51  -45.40  2.741
 -26.51    1.33  -13.95   -26.48    1.76  -12.85  1.185
  18.76   17.76   54.17    17.97   17.15   54.00  1.005
  -1.77   21.53   22.13    -1.68   24.13   22.03  2.599
   3.75   -7.01   24.98     3.98   -8.16   25.19  1.187
 -44.19  -14.70  -30.71   -41.99  -15.40  -29.28  2.712
   9.00   21.07   -1.52     7.02   22.33   -2.18  2.439
  14.50    4.96  -19.23    14.57    4.94  -19.17  0.098
 -32.67   -8.76  -50.46   -31.26   -8.97  -47.14  3.613
  33.75   12.53    0.51    36.17   14.20    0.34  2.944
  25.94   20.49    7.82    26.83   22.39    8.22  2.134
  24.40   -9.21   -2.59    24.64  -11.28   -1.56  2.315
   2.75   -4.65   34.35     2.60   -7.16   34.43  2.512
 -29.11  -18.37  -10.13   -30.31  -18.90   -7.78  2.699
  13.69   22.81   41.50    13.44   22.25   41.47  0.611
 -10.10    7.54  -36.97   -10.77    6.69  -36.46  1.192
  22.47   15.66   27.79    23.77   16.36   28.13  1.513
   3.33   -9.57   12.12     3.30  -10.90   12.49  1.382
  10.96   -4.16   33.84    11.14   -6.37   34.02  2.221
 -15.90   -5.98  -51.86   -16.47   -6.84  -47.97  4.031
 -28.15  -25.90  -14.25   -28.81  -27.04  -13.28  1.634
   0.45  -17.36  -29.83     0.05  -17.29  -29.69  0.431
 -35.59   -8.78  -11.66   -37.63   -8.39  -10.24  2.516
 -14.06   13.82   36.53   -12.42   14.72   35.00  2.411
 -15.90  -31.80  -32.58   -16.02  -31.41  -32.48  0.416
  -4.43  -24.44  -33.13    -4.63  -24.25  -33.07  0.281
  31.88   -2.15  -19.23    34.35   -3.14  -20.28  2.857
 -29.83  -15.21   -9.86   -30.23  -16.27   -7.56  2.573
 -13.13  -28.14  -18.99   -12.70  -29.16  -18.39  1.256
  24.17    4.91   31.16    25.94    4.78   31.61  1.828
  -3.01   19.38   19.41    -3.02   23.70   18.42  4.430
 -34.81    2.79  -43.17   -33.59    1.04  -41.25  2.870
  -4.50   10.50   43.18    -6.82   10.84   43.48  2.358
  30.52    4.63  -24.63    32.22    4.50  -25.60  1.964
  -2.79   -2.46  -29.59    -2.59   -2.35  -29.72  0.267
  -2.74    3.19   53.87    -6.72    2.85   54.12  4.006
   4.66   -3.41   46.01     4.21   -7.01   45.84  3.627
  19.82   24.31   -1.00    20.57   26.28   -0.80  2.110
   1.01   -6.44  -27.10     1.19   -6.41  -27.26  0.245
   6.70   -3.67   67.02     6.70   -3.70   63.40  3.617
 -26.89  -17.75  -50.53   -26.12  -16.59  -47.56  3.280
  14.66   22.94   37.24    14.40   21.91   37.29  1.065
 -15.62  -23.23  -12.46   -15.39  -24.64  -10.76  2.222
 -25.20    7.12  -17.26   -25.13    7.88  -16.54  1.049
   0.93  -14.08   -3.96     0.99  -14.85   -3.60  0.849
 -34.24  -13.82  -11.03   -35.91  -13.84   -9.40  2.341
 -21.01   12.34  -23.11   -21.01   11.93  -23.09  0.417
  -3.34    8.40   61.60    -3.94    8.92   62.92  1.535
  20.21   20.19   29.32    20.29   20.28   29.36  0.140
   8.62    0.05   67.20     8.25   -0.22   63.38  3.851
 -13.67  -27.39  -42.54   -14.11  -26.07  -41.20  1.925
  12.70   13.24  -25.32    13.51   13.65  -25.17  0.918
  30.62   15.78    2.81    33.02   18.07    3.04  3.324
   0.10   15.43   60.67    -0.65   16.47   60.86  1.295
   9.77   -4.00  -21.45     9.77   -3.94  -22.02  0.579
  -1.08   13.80   60.17    -2.23   15.41   60.46  1.999
  18.87   17.57   54.09    18.10   17.01   53.91  0.968
  25.68   11.62   19.74    28.15   12.32   20.57  2.699
  36.75    4.15   -6.37    39.88    4.75   -7.19  3.291
  30.94   -3.32   -9.51    33.30   -5.77   -8.58  3.519
  14.71   22.92   36.03    14.50   21.94   35.97  1.010
   8.04  -10.27  -21.37     8.36  -10.49  -21.94  0.687
 -13.00  -25.82  -15.92   -12.53  -27.16  -15.12  1.630
  24.64   22.13    4.14    25.43   23.73    4.28  1.795
 -40.26    0.41  -38.02   -38.62   -0.57  -37.12  2.111
  -8.76   -0.62  -44.51    -9.69   -1.26  -43.27  1.679
   4.70    8.62   -8.79     3.63   11.28   -9.78  3.032
  18.01   22.56   20.36    18.11   22.84   20.44  0.306
  16.30  -10.88    2.10    16.87  -12.54    2.89  1.924
  -8.14  -26.97  -35.37    -8.26  -26.79  -35.28  0.233
  27.29    5.01  -28.81    27.11    5.02  -29.87  1.075
  23.43   22.03  -11.65    24.51   24.21  -11.66  2.441
 -16.16   -7.58  -52.07   -16.70   -8.39  -48.34  3.853
  16.34   23.67  -13.46    15.66   24.81  -13.69  1.339
  15.77    8.02  -21.81    16.38    8.08  -21.68  0.634
 -27.86  -27.07  -42.91   -27.39  -25.66  -41.84  1.833
 -22.64    7.24  -43.99   -22.79    5.25  -42.13  2.737
   1.72   11.92    0.24     0.14   13.94   -0.96  2.834
   4.55    6.57   67.51     4.17    6.75   63.39  4.138
  27.93    9.81   14.83    30.60   11.06   16.66  3.474
  -0.44   -2.81  -27.11    -0.37   -2.79  -27.19  0.112
  -7.48  -21.80  -42.16    -7.97  -21.33  -41.63  0.868
 -38.32   -3.41  -16.50   -39.40   -2.88  -15.57  1.520
  -5.59   -7.65  -43.38    -5.94   -7.71  -43.07  0.477
   4.76   17.81    6.80     2.10   20.15    4.91  4.017
  -5.14  -21.04  -12.76    -5.02  -21.28  -12.66  0.286
 -17.30    4.31  -12.85   -17.60    5.20  -12.46  1.015
 -33.65    3.91  -43.24   -32.33    2.02  -41.17  3.103
  13.09   22.50   32.70    13.09   22.50   32.70  0.004
 -26.15   -7.37   -9.89   -26.73   -5.61   -8.61  2.246
  20.09    1.38   55.29    20.59    1.17   55.34  0.549
 -14.16   10.64  -35.02   -14.67    9.70  -34.76  1.098
  35.31    4.25    2.23    39.65    3.77    2.48  4.378
 -14.98  -29.52  -39.69   -15.30  -28.21  -38.82  1.607
  16.14   21.57   52.49    15.10   20.07   52.20  1.848
  14.86   23.13   45.56    14.25   21.79   45.59  1.467
   4.75    9.39   -7.23     3.78   11.89   -8.43  2.941
  12.77   12.66  -24.67    13.69   13.15  -24.78  1.048
  12.87   21.25   63.18    12.66   19.86   63.00  1.418
 -40.65  -14.29  -18.60   -41.84  -14.56  -18.23  1.282
 -34.77  -14.26  -11.30   -36.31  -14.27   -9.81  2.146
 -29.99   10.70  -28.15   -29.79   10.16  -28.03  0.588
 -35.05   -1.84  -13.73   -36.02   -1.19  -12.78  1.505
 -34.04  -11.02  -10.61   -35.79  -11.69   -8.85  2.571
  -7.09    2.69   18.33   -10.11    1.72   19.26  3.303
   0.92   14.79    9.19    -1.70   16.86    7.00  3.996
 -25.77  -30.57  -19.34   -25.93  -31.29  -19.23  0.745
  -3.78    7.70   -7.79    -4.36    9.13   -7.96  1.548
  28.35   18.61   -8.92    30.18   20.88   -8.92  2.910
 -11.08   11.86   26.01   -12.56    9.94   26.19  2.438
   4.87   19.13   48.19     4.69   19.84   48.25  0.735
  19.84   15.63   54.81    19.26   15.18   54.78  0.738
  -0.53  -20.36  -32.15    -1.02  -20.12  -32.06  0.558
  -8.47    4.69   17.00   -11.20    3.80   17.99  3.036
 -11.49    6.19  -12.10   -11.79    7.20  -11.84  1.082
  -2.33  -10.20  -34.05    -1.27   -9.62  -33.95  1.220
  15.02   21.62   54.36    14.15   20.36   54.12  1.550
 -40.47   -4.95  -39.26   -39.43   -5.22  -38.65  1.230
  -3.10   18.04   17.73    -4.41   21.79   15.23  4.693
   8.22   -4.83   63.72     8.22   -4.83   63.41  0.309
   7.04    1.85   67.33     6.82    1.70   63.38  3.951
 -31.33   -5.44  -11.38   -31.88   -4.60   -9.43  2.196
   2.83  -19.04  -16.89     2.69  -18.43  -16.74  0.646
  -2.93   -4.27  -32.35    -3.03   -4.28  -32.33  0.105
  18.35   22.45  -18.61    17.92   25.31  -18.50  2.896
  -0.62  -19.42  -33.21    -0.81  -19.37  -33.20  0.195
  27.24    9.91   16.52    29.91   10.89   17.97  3.192
   9.97    9.41   68.29     9.85    9.66   63.18  5.119
   7.48   -4.72   32.25     7.80   -6.83   32.37  2.142
  20.47  -12.10  -18.28    20.44  -12.72  -18.94  0.902
 -28.66  -30.65  -36.93   -28.22  -29.19  -36.28  1.651
  14.74   25.67    8.58    14.81   26.34    8.67  0.678
   6.97   18.14    0.09     4.78   19.59   -0.79  2.769
  22.57  -10.58   -3.72    23.83  -12.13   -3.10  2.097
  19.93  -12.41  -17.55    19.89  -13.24  -18.43  1.213
   6.71   22.30   23.07     6.65   23.62   23.24  1.341
   5.17   -6.16   27.54     5.36   -7.43   27.70  1.299
  34.15    5.05    5.97    37.89    5.43    8.71  4.655
 -29.56  -11.72  -51.61   -28.14  -11.59  -47.92  3.952
   6.05   21.91   27.89     6.03   22.93   28.03  1.027
