15, ../OUTPUT/PA3-E-Debug_Output.txt
  13.65  -17.62  -15.33    14.32  -15.35  -14.39  2.550
  14.30   -0.40   60.67    14.33   -0.42   62.99  2.324
 -10.86   15.84   10.71    -8.85   14.69   12.96  3.238
  23.28    6.66   26.65    27.04    6.96   27.84  3.961
   0.69  -18.69  -23.89     0.97  -18.80  -23.96  0.305
  15.20   22.54    5.78    15.56   26.65    6.52  4.185
  -0.02   16.67    1.18     0.60   15.88    1.66  1.118
 -29.75    6.59  -35.93   -30.04    7.32  -36.20  0.822
  22.91    2.53   27.92    25.72    1.11   28.60  3.224
 -12.89   12.81   10.08    -9.59   11.36   11.46  3.863
   6.62   -9.79   22.87     6.16   -8.06   22.63  1.800
  31.29   11.64  -18.00    33.84   13.21  -18.63  3.061
  19.46    9.56   40.46    23.61   10.83   40.89  4.365
 -40.98  -14.12  -43.66   -37.98  -13.14  -41.84  3.643
 -12.58    5.37  -16.88   -12.05    7.98  -15.81  2.871
