15, ../OUTPUT/PA3-ADebug_Output
-14.84  -14.51  -48.12   -14.77  -13.20  -48.55   1.38
4.14    -8.18   24.87    4.80    -7.89   25.80    1.17
-39.76  -21.36  -31.37   0.00    0.00    0.00     54.96
18.19   8.50    -26.55   0.00    0.00    0.00     33.29
20.25   1.61    59.58    0.00    0.00    0.00     62.95
28.37   8.52    -29.93   27.66   8.86    -30.32   0.88
-8.12   23.68   32.72    0.00    0.00    0.00     41.20
5.75    19.30   -3.36    0.00    0.00    0.00     20.42
-32.12  -10.10  -7.17    -32.22  -9.35   -7.35    0.78
7.54    14.25   -8.85    0.00    0.00    0.00     18.39
-36.57  -2.43   -41.35   0.00    0.00    0.00     55.25
2.75    -7.67   28.57    0.00    0.00    0.00     29.71
26.74   8.01    28.56    0.00    0.00    0.00     39.94
-8.69   8.26    32.87    0.00    0.00    0.00     34.99
-1.56   -16.81  -36.41   0.00    0.00    0.00     40.13
