15, ../OUTPUT/PA3-C-Debug_Output
  10.42   22.51   28.46    10.43   22.88   28.53  0.380
  -6.15   16.80    8.72    -5.23   15.69    9.65  1.715
  -0.12   19.14   49.05     0.12   18.65   48.96  0.555
  -6.30  -19.34  -42.57    -6.80  -19.15  -42.14  0.688
  22.17   20.30  -28.09    21.83   19.98  -27.40  0.829
  -8.97   -0.79   26.73    -7.99   -0.65   26.52  1.016
 -30.16  -19.33  -48.10   -30.07  -18.35  -46.13  2.211
 -43.15  -11.48  -20.68   -43.10  -11.47  -20.69  0.051
  18.03   25.78    4.04    18.19   26.51    4.12  0.758
   2.24  -16.14  -24.60     2.26  -16.15  -24.61  0.022
  -1.91   12.22   -4.88    -1.32   11.49   -4.49  1.017
  -7.07   -1.48   49.25    -5.61   -0.98   49.21  1.544
 -14.93   12.50   27.76   -15.00   12.45   27.77  0.088
  27.91   11.29  -29.90    27.59   11.03  -29.50  0.576
 -23.09    9.56  -39.70   -23.03    8.06  -38.83  1.734
