15, ../OUTPUT/PA3-F-Debug_Output
 -33.08  -21.18  -10.57   -33.10  -21.20  -10.55  0.039
   2.43   12.00   62.99     2.43   12.01   63.26  0.279
  15.07   -7.32   29.81    14.96   -6.15   29.76  1.176
   8.14   -6.64   56.23     8.19   -7.16   56.22  0.519
 -31.06  -27.30  -13.88   -30.45  -26.66  -14.37  1.012
  -7.70   20.86   16.70    -8.00   21.33   16.18  0.760
 -35.46   -4.81  -41.49   -36.24   -4.58  -42.35  1.180
  -2.17  -24.91  -16.58    -3.49  -22.95  -17.53  2.555
  20.40  -11.25    9.83    19.69   -8.53    9.10  2.911
 -22.65  -20.40   -6.99   -22.65  -20.46   -6.88  0.123
 -41.72  -15.14  -23.11   -42.91  -15.47  -22.97  1.242
  30.56   17.95    0.20    31.72   19.03    0.04  1.596
 -32.36   -4.09  -11.70   -32.54   -3.59  -10.05  1.734
  14.47  -17.03    0.95    14.14  -16.09   -0.68  1.912
 -20.61  -26.52  -46.09   -20.02  -24.72  -44.15  2.711
