20, ../OUTPUT/PA3-H-Unknown_Output
  -0.20  -11.46   54.73     1.40   -7.00   55.06  4.752
  36.14   11.24   -8.46    37.21   11.61   -8.55  1.138
   3.58   18.32    1.73     3.16   18.60    1.56  0.535
  -2.28  -17.31   -4.47    -2.38  -16.14   -5.15  1.358
  17.98   24.80  -19.85    17.89   25.36  -19.82  0.568
  -4.99  -20.00  -10.81    -4.98  -20.03  -10.78  0.047
 -19.52  -11.22  -49.40   -19.54  -11.21  -49.32  0.081
  -5.02   -6.93   63.92    -2.98   -4.65   62.47  3.383
  32.17   -8.67  -13.06    32.02   -8.51  -13.09  0.223
   6.67   -9.76   63.49     6.63   -7.95   61.94  2.381
 -35.36  -12.77   -9.15   -35.52  -12.78   -8.99  0.232
  -0.51  -12.59   13.15    -0.44  -10.84   12.92  1.758
  13.51   13.18  -26.15    13.80   13.44  -26.03  0.410
  16.54   21.50  -26.94    17.06   22.60  -27.70  1.437
  19.61    5.75  -27.59    19.95    5.85  -27.43  0.393
 -34.93    7.10  -28.95   -34.87    7.02  -28.93  0.107
  14.58   17.69  -29.09    14.07   17.24  -30.37  1.443
  10.03  -10.24  -21.73    10.00  -10.18  -21.64  0.110
 -27.07   -5.42   -9.03   -27.23   -5.21   -8.72  0.404
   2.50   17.62    3.88     1.80   18.13    3.44  0.968
