15, ../OUTPUT/PA3-B-Debug_Output
   1.60   -9.55   27.59     1.34   -8.21   27.28  1.401
  -7.53   -0.33   53.72    -6.05    0.21   53.69  1.584
  31.98   -8.63  -13.07    31.94   -8.58  -13.08  0.066
  25.17  -12.90  -24.55    24.80  -10.79  -22.30  3.108
  11.04   22.85   12.35    10.82   25.30   12.99  2.541
  -6.70    9.20   55.06    -6.47    9.14   55.06  0.238
 -36.87  -10.36  -11.79   -38.05  -10.50  -10.99  1.433
  -3.98   12.84   56.70    -4.64   13.16   56.65  0.735
  29.49   17.90    4.70    31.12   19.71    5.03  2.456
 -36.65   -7.88  -46.29   -35.19   -8.45  -44.58  2.327
  30.53    9.64   11.43    32.52   10.51   13.59  3.063
  18.40   -2.16   56.30    18.26   -2.02   56.29  0.195
 -25.89  -27.43  -45.29   -26.70  -24.73  -43.36  3.413
  -5.38  -25.33  -37.45    -6.45  -24.31  -36.63  1.696
  -3.07   -2.64  -30.65    -3.04   -2.63  -30.66  0.031
