15, ../OUTPUT/PA3-A-Debug_Output.txt
 -14.84  -14.51  -48.12   -14.84  -14.51  -48.11  0.001
   4.14   -8.18   24.87     4.14   -8.18   24.87  0.000
 -39.76  -21.36  -31.37   -39.76  -21.36  -31.37  0.001
  18.19    8.50  -26.55    18.19    8.50  -26.55  0.005
  20.25    1.61   59.58    20.25    1.61   59.58  0.001
  28.37    8.52  -29.93    28.37    8.52  -29.93  0.000
  -8.12   23.68   32.72    -8.12   23.67   32.72  0.007
   5.75   19.30   -3.36     5.75   19.30   -3.36  0.000
 -32.12  -10.10   -7.17   -32.12  -10.10   -7.17  0.001
   7.54   14.25   -8.85     7.54   14.25   -8.85  0.001
 -36.57   -2.43  -41.35   -36.57   -2.43  -41.35  0.000
   2.75   -7.67   28.57     2.75   -7.67   28.57  0.003
  26.74    8.01   28.56    26.73    8.01   28.56  0.004
  -8.69    8.26   32.87    -8.70    8.26   32.87  0.009
  -1.56  -16.81  -36.41    -1.56  -16.81  -36.41  0.001
