20, ../OUTPUT/PA3-K-Unknown_Output.txt
   2.58  -13.54    8.65     2.88  -11.97    8.49  1.601
  -4.26  -12.24  -37.44    -2.13  -12.19  -38.11  2.231
 -35.98   -7.40  -42.12   -36.63   -7.14  -42.87  1.029
 -12.36   -5.24  -43.21   -10.54   -3.94  -45.42  3.154
 -37.88  -23.72  -10.96   -36.25  -21.79  -13.62  3.661
  17.62  -12.59    7.00    16.77  -10.95    6.16  2.031
  -4.94    6.59   -9.86    -5.45    8.80   -9.99  2.267
  -2.47   -5.05   43.42    -2.77   -5.42   43.47  0.471
  19.62   -9.02   15.01    19.24   -7.22   14.55  1.897
  28.68   19.34   -1.69    29.95   20.99   -1.78  2.078
  11.44   21.86   59.95    11.27   20.41   59.77  1.470
  10.88   21.93   27.42    10.88   23.06   27.64  1.148
 -29.89  -30.19  -11.91   -28.50  -27.77  -13.94  3.453
  23.36   12.61   39.27    23.29   12.58   39.26  0.082
 -32.34  -12.14   -5.76   -31.89  -12.30   -6.69  1.047
 -20.79  -14.04   -2.60   -20.34  -12.89   -4.73  2.472
  -1.85  -20.60  -32.87    -1.63  -20.78  -32.96  0.300
 -33.60    4.45  -31.74   -34.89    6.01  -32.31  2.105
  16.86   -4.70   43.56    16.92   -4.80   43.57  0.114
 -41.21  -19.86  -32.94   -40.09  -19.70  -32.60  1.177
