20, ../OUTPUT/PA3-J-Unknown_Output.txt
  -2.74   18.34    9.56    -2.74   18.34    9.56  0.004
  15.51   13.29   53.87    18.85   15.72   54.67  4.204
  -2.64   17.44    9.72    -3.02   17.73    9.35  0.605
 -23.46  -29.11  -42.27   -23.07  -27.23  -40.70  2.479
  -9.04   -0.31   52.34    -6.24    0.72   52.46  2.987
  20.80   -5.34   32.52    20.24   -4.24   32.33  1.247
 -31.87  -25.48  -42.81   -30.85  -24.14  -41.51  2.121
 -11.75   -7.44   18.94    -8.46   -5.11   17.93  4.156
   9.54   21.95   -8.86     9.69   21.82   -8.79  0.213
   7.87  -11.12   22.39     7.03   -7.93   21.94  3.330
   7.46   18.15   42.37     7.06   20.80   42.79  2.704
   7.07   -9.22   29.10     6.75   -7.21   28.96  2.035
  -4.07   -9.67   48.56    -2.01   -5.27   48.19  4.870
  -2.25  -23.03  -16.61    -2.97  -22.23  -17.11  1.185
  -0.91   18.80   10.02    -1.59   19.54    9.49  1.135
   0.97   16.61   44.14     0.15   19.07   45.32  2.851
 -12.06    9.57   14.91   -11.60    9.61   15.04  0.480
  24.35   -3.71   25.69    23.85   -3.19   25.53  0.738
 -42.22  -21.90  -21.27   -40.48  -20.71  -21.52  2.121
  -4.26   -6.14  -29.60    -1.94   -5.10  -30.58  2.727
