15, ../OUTPUT/PA3-D-Debug_Output.txt
 -15.67  -15.47  -49.99   -15.97  -14.85  -48.18  1.929
  -6.10   -5.87   40.26    -4.05   -4.80   41.56  2.653
   5.92   -6.78   39.47     5.94   -6.92   39.48  0.145
  12.27   23.35   17.01    12.32   24.54   17.15  1.207
  18.92   20.01   22.40    20.04   21.90   22.92  2.263
 -42.22   -1.68  -29.73   -42.17   -1.70  -29.71  0.060
 -14.49   -8.20    3.71   -13.88   -7.67    3.18  0.968
   4.91  -16.16  -20.78     4.65  -15.90  -20.61  0.403
   3.77   23.72    5.81     4.36   23.24    5.90  0.761
 -39.35    1.85  -32.63   -39.07    1.66  -32.53  0.344
  28.84    3.68   17.09    30.72    3.58   18.12  2.144
 -20.72  -19.83   -8.23   -20.72  -20.55   -6.95  1.469
  19.97   14.82  -30.92    20.12   14.86  -31.14  0.273
  29.62    0.67   15.85    30.97    0.27   16.71  1.639
  24.54  -12.50  -21.55    24.33  -11.92  -21.11  0.760
