150, ../OUTPUT/PA5-HighRes-C-Debug_Output.txt, 6
107.473, 59.0227, -14.8568, -45.6869, -46.8887, -1.65927, 
 -32.30   -3.54  -10.80   -32.30   -3.54  -10.80  0.002
  10.07    4.18  -18.98    10.07    4.18  -18.99  0.002
  -3.69  -25.35  -31.27    -3.69  -25.34  -31.27  0.002
 -38.79  -14.95  -39.84   -38.79  -14.95  -39.84  0.001
  -4.16   -3.19  -39.16    -4.16   -3.18  -39.16  0.003
   2.23   17.65    4.47     2.24   17.65    4.47  0.001
 -24.03    8.20  -18.47   -24.03    8.20  -18.47  0.002
  15.26   -4.89   25.50    15.26   -4.89   25.50  0.003
 -41.92   -8.66  -36.41   -41.92   -8.66  -36.42  0.006
  11.65    5.77   70.39    11.65    5.77   70.39  0.002
 -33.19    3.36  -38.39   -33.19    3.36  -38.39  0.001
 -37.75  -21.05  -16.92   -37.75  -21.05  -16.92  0.003
 -10.31  -26.44  -13.94   -10.31  -26.44  -13.94  0.001
  17.78  -16.70  -15.31    17.78  -16.71  -15.31  0.004
  28.14  -10.32   -8.00    28.14  -10.32   -8.00  0.004
 -19.29  -33.18  -20.34   -19.29  -33.18  -20.34  0.003
   0.89   17.71    6.53     0.89   17.71    6.52  0.003
  27.90    9.40   16.64    27.90    9.40   16.64  0.003
 -32.52  -15.24  -45.54   -32.52  -15.24  -45.55  0.002
  -1.04   -9.16  -30.70    -1.05   -9.16  -30.70  0.004
 -11.35  -14.93   -5.25   -11.35  -14.93   -5.25  0.001
   4.44   -6.53   24.55     4.44   -6.53   24.55  0.002
 -33.74    1.81  -14.60   -33.75    1.81  -14.60  0.003
  -0.84   24.65   20.53    -0.83   24.66   20.53  0.008
 -10.89    3.94   -2.25   -10.89    3.93   -2.25  0.004
  11.87   -5.45   23.77    11.87   -5.44   23.77  0.009
  -0.73  -11.42  -34.76    -0.74  -11.42  -34.76  0.011
  -5.64    1.53   53.88    -5.64    1.53   53.88  0.004
  33.87    7.01  -24.01    33.87    7.01  -24.01  0.008
  12.52    9.43   70.68    12.52    9.43   70.68  0.001
 -24.68  -25.35   -9.55   -24.68  -25.34   -9.55  0.003
 -36.36    4.31  -24.46   -36.37    4.31  -24.46  0.003
  -0.06   -0.76  -27.35    -0.06   -0.76  -27.35  0.000
   1.90  -12.75  -24.98     1.90  -12.76  -24.99  0.003
   6.65   -6.77  -25.39     6.65   -6.77  -25.39  0.003
   2.68   16.52   65.85     2.68   16.52   65.85  0.003
 -11.06  -17.95   -7.90   -11.06  -17.95   -7.90  0.003
   6.17   -5.28   43.23     6.17   -5.27   43.23  0.005
  -6.37    7.78  -25.96    -6.36    7.78  -25.96  0.002
  20.06    8.23   56.37    20.06    8.23   56.37  0.003
 -17.00  -33.52  -25.41   -17.00  -33.52  -25.41  0.001
  35.92    2.90    5.22    35.92    2.90    5.22  0.002
 -24.60  -12.84   -5.69   -24.60  -12.84   -5.69  0.002
 -13.74   21.10   32.47   -13.73   21.10   32.47  0.002
  18.66   -6.13   12.08    18.66   -6.13   12.08  0.001
   9.23    5.04   69.93     9.23    5.04   69.93  0.001
 -44.58  -14.96  -29.17   -44.58  -14.96  -29.17  0.001
 -12.70   -0.47    3.45   -12.70   -0.47    3.45  0.003
  -5.23    0.97   48.85    -5.22    0.97   48.85  0.007
   1.34  -14.63  -26.30     1.34  -14.64  -26.30  0.002
  30.32   19.03  -12.35    30.32   19.03  -12.35  0.008
  20.27    4.28  -30.35    20.27    4.28  -30.35  0.001
  -3.65    0.39   70.08    -3.65    0.39   70.08  0.000
  23.08   23.87  -21.23    23.08   23.87  -21.23  0.003
  -3.09   22.00   36.79    -3.09   22.00   36.79  0.005
   5.16  -14.31  -21.38     5.16  -14.31  -21.38  0.004
  29.80    3.79   12.82    29.80    3.79   12.82  0.000
   0.34  -19.62  -32.33     0.34  -19.62  -32.33  0.002
  21.62   -5.30  -30.61    21.62   -5.30  -30.61  0.001
   2.72   -4.90   47.43     2.72   -4.90   47.43  0.001
  28.96   13.03   13.34    28.96   13.03   13.34  0.002
  14.92   -5.75   16.83    14.92   -5.75   16.83  0.003
  18.25   25.15  -11.64    18.25   25.15  -11.65  0.001
 -29.88    6.49  -17.34   -29.88    6.49  -17.34  0.001
  -4.79    2.55  -33.69    -4.80    2.55  -33.69  0.005
 -43.28  -18.32  -31.11   -43.28  -18.32  -31.11  0.005
  -6.69    2.69   58.83    -6.68    2.69   58.83  0.002
  15.08   25.06   -8.18    15.08   25.05   -8.18  0.003
  -5.87    6.44   42.47    -5.87    6.44   42.47  0.004
  -5.05  -19.10  -41.74    -5.05  -19.10  -41.74  0.005
  -3.04   -3.81  -36.21    -3.03   -3.81  -36.21  0.003
  32.85   -5.07  -24.95    32.86   -5.07  -24.95  0.007
   5.69   22.17   28.26     5.69   22.16   28.25  0.004
  13.23   -6.82   12.13    13.23   -6.82   12.13  0.005
  -6.26  -10.57  -43.85    -6.26  -10.57  -43.84  0.005
   6.92   19.24   46.67     6.92   19.24   46.67  0.002
  12.31    2.53   70.63    12.31    2.53   70.63  0.001
 -40.89  -14.75  -34.26   -40.89  -14.75  -34.26  0.004
  20.30   15.86  -30.56    20.30   15.86  -30.57  0.004
   8.39   23.73   17.62     8.39   23.74   17.62  0.005
   1.00    0.74  -25.73     1.00    0.74  -25.73  0.000
   1.87   13.06   -1.93     1.87   13.06   -1.93  0.003
  30.75   15.98    6.94    30.75   15.98    6.94  0.002
  17.93   20.76   24.77    17.93   20.75   24.77  0.004
 -18.07   -3.69  -47.69   -18.07   -3.69  -47.69  0.000
  19.87    8.64   58.31    19.86    8.64   58.31  0.003
  17.58   -9.71   -0.15    17.58   -9.71   -0.15  0.004
  14.76   19.50   51.78    14.76   19.50   51.78  0.000
   1.24  -16.89  -27.03     1.24  -16.89  -27.03  0.001
  -5.21   10.76   49.76    -5.21   10.76   49.76  0.000
  -6.12    1.70   59.23    -6.12    1.70   59.23  0.004
  29.72   -8.76  -26.73    29.72   -8.76  -26.73  0.005
 -38.07  -19.96  -16.30   -38.07  -19.97  -16.30  0.002
 -22.25  -31.68  -36.58   -22.25  -31.68  -36.59  0.003
 -34.99  -26.90  -32.12   -34.99  -26.90  -32.12  0.004
  -6.60    7.08   29.58    -6.60    7.08   29.58  0.001
  32.29   -8.91  -17.45    32.30   -8.92  -17.45  0.007
  27.17    4.23   17.40    27.17    4.23   17.40  0.000
  27.59   14.79  -27.23    27.59   14.80  -27.23  0.001
 -12.57    8.53  -37.89   -12.56    8.53  -37.89  0.004
  27.56   21.16   -4.52    27.56   21.16   -4.52  0.005
 -40.10   -5.41  -16.44   -40.11   -5.41  -16.44  0.006
  14.97   23.51  -16.20    14.97   23.51  -16.20  0.006
 -20.50   10.25  -36.87   -20.50   10.25  -36.87  0.004
 -28.96    9.73  -29.49   -28.96    9.73  -29.48  0.001
 -24.49   -2.74  -10.33   -24.49   -2.74  -10.33  0.002
  -5.79    8.41   57.57    -5.79    8.41   57.57  0.000
   0.25  -20.58  -26.12     0.25  -20.58  -26.12  0.001
 -41.54  -18.61  -34.59   -41.54  -18.61  -34.59  0.001
  -7.75    8.73  -26.60    -7.75    8.73  -26.60  0.003
  -5.24    1.15   52.21    -5.24    1.14   52.21  0.003
  -6.39    7.90  -13.77    -6.39    7.91  -13.77  0.001
   5.87   -5.41   32.83     5.87   -5.41   32.83  0.003
   9.81   -5.16   54.34     9.81   -5.17   54.34  0.003
  -3.99  -15.26   -7.26    -3.99  -15.26   -7.26  0.001
   9.24    4.72  -18.73     9.24    4.72  -18.73  0.000
   9.79   16.38  -10.17     9.79   16.38  -10.17  0.002
  -3.74   -8.33   10.07    -3.74   -8.33   10.08  0.002
 -29.51    0.81  -13.92   -29.51    0.81  -13.92  0.000
 -40.96  -19.43  -21.80   -40.96  -19.43  -21.80  0.001
 -39.07  -16.65  -37.34   -39.07  -16.66  -37.34  0.002
  -0.42   15.66   58.69    -0.42   15.66   58.69  0.007
   4.75   19.51   43.02     4.75   19.51   43.02  0.000
 -31.49  -13.58   -6.54   -31.49  -13.58   -6.54  0.000
   3.84   16.32    0.40     3.84   16.32    0.40  0.003
  -7.79   -0.02   17.21    -7.79   -0.02   17.21  0.002
  -6.69   -1.47   26.50    -6.69   -1.47   26.50  0.004
 -44.41  -12.34  -25.79   -44.41  -12.34  -25.79  0.002
  22.52   -0.33   26.26    22.52   -0.33   26.26  0.003
  30.41   -3.54  -29.56    30.42   -3.54  -29.57  0.004
 -37.82  -17.69  -40.25   -37.82  -17.70  -40.26  0.005
   5.13   18.53   50.52     5.13   18.53   50.52  0.002
  12.38   18.73   63.29    12.38   18.73   63.29  0.008
  19.71   -5.61   14.64    19.71   -5.60   14.64  0.006
  -9.76  -31.10  -25.65    -9.76  -31.10  -25.65  0.003
  21.35   11.13   42.84    21.35   11.13   42.84  0.004
   3.16   10.48   -8.99     3.16   10.48   -8.99  0.001
  -6.53  -15.31   -6.42    -6.53  -15.31   -6.43  0.004
  21.33   -8.18  -29.77    21.33   -8.18  -29.77  0.001
 -33.20    0.31  -41.14   -33.20    0.31  -41.14  0.005
  -5.78   -7.58  -42.52    -5.79   -7.58  -42.52  0.006
  -8.35   11.34   15.25    -8.35   11.34   15.25  0.003
  22.41   23.59    4.33    22.41   23.59    4.34  0.006
   0.06  -20.20  -32.84     0.06  -20.20  -32.84  0.002
   7.05   -7.04   17.19     7.05   -7.04   17.19  0.000
  -6.13   -4.10   22.60    -6.14   -4.11   22.60  0.006
  21.86    7.68  -30.83    21.86    7.68  -30.83  0.001
  -3.46   -4.18   33.43    -3.46   -4.18   33.43  0.003
  -0.72  -11.42  -34.65    -0.72  -11.43  -34.65  0.005
  13.81   20.88   45.95    13.81   20.89   45.95  0.005
