150, ../OUTPUT/PA5-HighRes-G-Unknown_Output.txt, 6
126.914, 91.7988, -13.0602, -133.612, 60.8095, 24.8959, 
  21.69    1.65   18.59    21.70    1.64   18.60  0.016
  27.91   10.85   12.37    27.91   10.85   12.38  0.010
   2.07   16.32   10.71     1.96   16.25   10.65  0.143
  29.06   19.71    5.62    29.06   19.71    5.62  0.001
 -40.09  -18.07  -14.96   -40.10  -18.08  -14.95  0.011
   1.25  -12.47   -4.31     1.25  -12.47   -4.31  0.004
 -13.32    6.07  -38.52   -13.31    6.07  -38.52  0.007
  -3.27    7.02   46.18    -3.26    7.02   46.18  0.010
  17.22   24.14  -12.09    17.23   24.13  -12.08  0.010
  16.39   -3.64  -27.53    16.39   -3.64  -27.54  0.016
   5.85   19.96   27.74     5.85   19.97   27.75  0.012
 -10.56  -29.00  -20.25   -10.56  -28.99  -20.25  0.005
  22.18   19.40   24.41    22.18   19.40   24.41  0.002
  -4.81  -19.69  -13.96    -4.81  -19.69  -13.95  0.002
 -43.20  -10.96  -40.10   -43.24  -10.96  -40.11  0.037
  -2.32   -1.70   58.15    -2.33   -1.70   58.15  0.003
  10.55   21.93   -0.69    10.57   21.91   -0.68  0.024
 -35.18   -3.35  -44.11   -35.18   -3.34  -44.12  0.012
  18.38   12.69   44.05    18.41   12.68   44.06  0.026
  28.60   16.03  -27.51    28.61   16.04  -27.52  0.008
  18.02   17.09   48.37    18.03   17.08   48.38  0.016
  24.25    5.45   15.77    24.25    5.44   15.77  0.004
  19.88   14.84   38.01    19.89   14.83   38.01  0.015
  29.01    0.65    9.95    29.01    0.65    9.95  0.003
   4.76   17.17   48.81     4.77   17.15   48.81  0.013
  -6.66   -7.46    7.46    -6.66   -7.47    7.46  0.004
  21.17   23.75  -20.05    21.20   23.73  -20.05  0.030
  15.73   22.72    9.14    15.73   22.72    9.14  0.001
 -35.54   -0.34  -12.71   -35.55   -0.33  -12.71  0.017
 -12.39   -2.39   -1.05   -12.39   -2.38   -1.04  0.008
   7.77   21.35   19.30     7.77   21.36   19.30  0.013
   0.77  -16.55  -20.98     0.76  -16.54  -20.98  0.016
   6.02   -9.52  -25.46     6.01   -9.52  -25.46  0.009
  36.80    7.64  -13.14    36.81    7.64  -13.14  0.004
  26.57   17.96   14.25    26.58   17.96   14.25  0.003
  -4.27  -21.74  -36.90    -4.27  -21.74  -36.89  0.008
  31.83   17.23   -4.90    31.84   17.24   -4.90  0.012
 -11.70  -30.10  -34.26   -11.71  -30.09  -34.25  0.014
 -12.69  -24.44  -43.73   -12.69  -24.44  -43.73  0.007
  -3.75    9.30   68.34    -3.75    9.30   68.34  0.003
   3.76   -4.06   51.03     3.75   -4.05   51.03  0.009
  36.08   10.83  -11.18    36.08   10.84  -11.18  0.005
  10.29   20.26   72.14    10.28   20.25   72.14  0.005
  -0.09    6.80  -13.13    -0.09    6.81  -13.13  0.002
  10.08    9.71  -15.22    10.09    9.71  -15.22  0.004
 -31.84    6.85  -22.34   -31.84    6.86  -22.33  0.008
  15.16    5.62   71.24    15.18    5.62   71.25  0.022
   3.70   -4.28   69.97     3.70   -4.27   69.97  0.007
 -27.26  -19.60   -7.35   -27.26  -19.59   -7.34  0.018
  24.79   -7.29  -15.53    24.80   -7.31  -15.53  0.023
   4.99    7.96   72.94     4.99    7.96   72.94  0.002
   3.04    7.58  -19.84     3.04    7.58  -19.84  0.004
  26.59   -6.33  -13.02    26.60   -6.34  -13.02  0.013
  26.62   20.85  -25.15    26.62   20.86  -25.15  0.004
  -6.29    1.77    7.92    -6.29    1.77    7.92  0.001
   8.90   19.74    0.21     8.92   19.74    0.21  0.015
  32.21   -3.32  -20.91    32.23   -3.35  -20.92  0.032
   8.15   19.03   32.27     8.15   19.03   32.27  0.003
 -22.47  -32.74  -36.45   -22.48  -32.74  -36.45  0.007
   7.40   11.29   -7.52     7.40   11.29   -7.52  0.004
  24.22   11.53  -31.69    24.22   11.53  -31.69  0.001
  -2.53   18.55   34.24    -2.54   18.58   34.24  0.026
   4.85   17.20   48.64     4.85   17.19   48.65  0.007
 -26.65  -29.28  -40.16   -26.65  -29.29  -40.16  0.005
  26.56   17.53  -27.54    26.57   17.53  -27.55  0.019
 -23.78  -21.47   -7.69   -23.78  -21.47   -7.69  0.001
  20.97   19.10   36.48    20.97   19.10   36.48  0.003
  -1.23  -20.79  -23.01    -1.24  -20.78  -23.01  0.013
 -31.68  -15.25  -48.31   -31.70  -15.25  -48.33  0.027
  16.52    4.11   45.58    16.54    4.10   45.59  0.021
   0.77   -9.83    3.77     0.77   -9.84    3.77  0.005
  10.47   -3.57   22.80    10.47   -3.57   22.80  0.002
 -30.81   -6.18   -9.93   -30.81   -6.18   -9.93  0.007
  -1.96  -13.20   -6.25    -1.96  -13.19   -6.25  0.006
  16.29    3.88   46.30    16.31    3.87   46.30  0.014
   0.75   16.89   40.68     0.76   16.88   40.67  0.008
  36.49    0.16  -17.14    36.50    0.14  -17.14  0.024
  26.69   23.06   -1.84    26.68   23.06   -1.85  0.007
  -7.91   12.06   32.39    -7.92   12.07   32.39  0.017
  -0.01    7.10  -14.11    -0.01    7.09  -14.11  0.001
  14.28   18.42  -11.05    14.28   18.42  -11.04  0.004
  21.81   20.64  -30.39    21.81   20.64  -30.38  0.005
  -3.59   -6.46   15.75    -3.58   -6.45   15.75  0.011
 -21.94   -3.70  -10.86   -21.94   -3.70  -10.85  0.005
  -4.43   -1.75  -33.71    -4.44   -1.75  -33.71  0.017
  16.70   -3.49   15.21    16.70   -3.48   15.21  0.007
  -3.50    4.00   44.92    -3.51    4.00   44.92  0.008
 -29.90  -21.59   -7.85   -29.90  -21.59   -7.85  0.009
 -33.02  -11.97  -47.74   -33.02  -11.97  -47.76  0.014
 -22.10  -19.36  -49.27   -22.10  -19.36  -49.27  0.002
  -6.64    1.81    5.53    -6.64    1.81    5.53  0.003
 -39.11    2.53  -28.07   -39.12    2.54  -28.07  0.014
  -6.41   15.63   25.90    -6.43   15.64   25.90  0.015
  -8.31    6.84  -28.38    -8.31    6.84  -28.38  0.002
  22.11  -10.55  -18.63    22.12  -10.55  -18.64  0.013
   7.33   14.57   73.52     7.33   14.57   73.53  0.009
  25.36   -6.06    8.68    25.36   -6.05    8.68  0.004
 -24.74  -33.14  -26.12   -24.74  -33.13  -26.12  0.012
  -7.69   -1.46    7.98    -7.70   -1.46    7.98  0.005
  16.04  -13.40  -19.90    16.04  -13.39  -19.90  0.008
   2.44   -9.07   12.25     2.44   -9.07   12.25  0.001
  38.76    3.38   -7.42    38.76    3.38   -7.42  0.003
 -34.08  -13.90  -47.50   -34.08  -13.90  -47.50  0.003
  -2.51    5.08   38.16    -2.53    5.08   38.16  0.012
 -31.75  -25.33  -42.27   -31.75  -25.33  -42.27  0.000
  34.65   -1.31  -20.46    34.67   -1.33  -20.46  0.019
 -19.37   -7.86  -49.44   -19.37   -7.86  -49.44  0.007
 -33.24  -10.66  -47.64   -33.25  -10.65  -47.64  0.009
 -13.66  -31.51  -31.58   -13.66  -31.50  -31.58  0.009
  38.63    4.23   -7.12    38.63    4.23   -7.12  0.005
 -13.24  -21.47   -9.48   -13.25  -21.46   -9.49  0.015
  14.76   21.19   53.34    14.76   21.17   53.34  0.020
  16.53    3.41  -25.36    16.53    3.42  -25.37  0.016
 -36.56   -9.16  -45.21   -36.57   -9.16  -45.22  0.016
 -18.04   -4.95   -7.35   -18.05   -4.94   -7.34  0.010
 -40.64  -23.63  -30.87   -40.65  -23.64  -30.87  0.013
 -40.11   -9.36  -43.37   -40.12   -9.36  -43.39  0.021
   9.19   19.98   27.67     9.19   19.98   27.67  0.004
  36.49    3.34  -22.33    36.48    3.34  -22.33  0.004
  -2.54   13.51   43.63    -2.52   13.50   43.63  0.022
 -43.91  -18.64  -25.55   -43.91  -18.64  -25.55  0.009
 -38.28  -18.00  -11.49   -38.29  -18.01  -11.48  0.008
  -3.65    7.74   57.60    -3.65    7.74   57.60  0.000
   2.94  -14.36  -10.78     2.94  -14.36  -10.78  0.000
 -20.48    4.11  -14.84   -20.47    4.10  -14.84  0.011
  -9.69   -4.22    4.47    -9.69   -4.22    4.47  0.002
 -26.08  -19.71  -48.61   -26.08  -19.71  -48.61  0.000
   7.00   18.91   33.63     7.00   18.92   33.64  0.014
 -36.63   -0.51  -13.88   -36.64   -0.49  -13.87  0.019
  -4.72   12.62   39.96    -4.67   12.61   39.90  0.081
  -3.33  -20.22  -15.67    -3.33  -20.22  -15.67  0.001
  -0.65   -7.07   22.95    -0.65   -7.07   22.95  0.008
 -27.39  -22.44  -46.82   -27.39  -22.44  -46.81  0.003
 -10.30  -15.29   -8.36   -10.30  -15.28   -8.36  0.007
  -7.02   14.81   31.31    -7.02   14.81   31.31  0.000
   4.01   -4.16   72.48     4.01   -4.16   72.49  0.002
  -7.46  -10.32  -46.34    -7.47  -10.32  -46.33  0.020
  14.57   -5.91   10.16    14.56   -5.90   10.16  0.011
  19.12   17.03  -21.57    19.15   17.03  -21.57  0.027
  15.99  -12.72   -2.41    15.99  -12.71   -2.42  0.018
   4.60   -7.74  -27.23     4.60   -7.74  -27.23  0.003
   7.95   15.71    0.84     7.95   15.71    0.84  0.001
 -22.45  -32.56  -21.38   -22.45  -32.57  -21.38  0.002
 -16.63  -11.33  -49.86   -16.63  -11.33  -49.86  0.003
  31.25   20.17  -18.93    31.26   20.18  -18.93  0.013
  -2.20   -2.89   62.59    -2.20   -2.89   62.59  0.005
  20.50   -8.63   -0.69    20.50   -8.62   -0.70  0.013
 -30.31  -23.51   -9.16   -30.31  -23.52   -9.16  0.007
  -4.43   -5.07   18.95    -4.43   -5.07   18.95  0.002
 -11.25  -23.11  -44.21   -11.25  -23.11  -44.21  0.006
