150, ../OUTPUT/PA5-HighRes-B-Debug_Output.txt, 6
0.702801, 137.951, -48.2082, 162.128, 98.939, -114.178, 
  20.71    7.47   64.52    20.70    7.46   64.50  0.020
  23.72  -13.20   -1.30    23.72  -13.21   -1.29  0.008
  11.80   24.00   35.86    11.79   24.01   35.86  0.018
 -11.40   13.55   47.05   -11.42   13.56   47.02  0.040
  32.35   -7.54   -9.65    32.35   -7.55   -9.65  0.007
  23.29   17.45   58.38    23.27   17.45   58.38  0.017
  -1.65   -2.87   29.50    -1.64   -2.87   29.50  0.015
   3.95    0.83  -17.89     3.96    0.84  -17.89  0.017
 -34.47    0.59  -16.15   -34.49    0.59  -16.15  0.018
  28.70  -10.34   -7.72    28.70  -10.34   -7.72  0.000
  35.29    0.68  -10.91    35.32    0.67  -10.91  0.035
 -13.59  -16.20  -51.15   -13.60  -16.20  -51.12  0.027
  -0.26   20.41   47.53    -0.27   20.43   47.53  0.019
   9.98   22.79   33.40     9.98   22.80   33.40  0.007
  -4.08   -1.73   26.86    -4.09   -1.74   26.86  0.008
 -36.06    3.42  -44.01   -36.06    3.42  -44.00  0.006
   6.48   18.13   -9.39     6.48   18.12   -9.39  0.005
  24.16   12.82   58.07    24.13   12.82   58.06  0.030
 -26.53  -22.76  -16.92   -26.54  -22.76  -16.91  0.015
  15.02    5.13  -23.20    15.01    5.12  -23.20  0.007
  -1.12    2.88  -22.32    -1.12    2.88  -22.32  0.004
 -11.69  -23.18  -16.52   -11.69  -23.18  -16.52  0.003
 -19.70   -8.70   -8.14   -19.70   -8.70   -8.14  0.000
 -20.06  -27.94  -21.73   -20.06  -27.94  -21.73  0.003
  -1.47   18.34   63.34    -1.47   18.34   63.35  0.003
  10.66   -3.74   28.63    10.66   -3.73   28.63  0.004
 -17.53  -11.84  -52.85   -17.53  -11.83  -52.83  0.024
  -0.18  -22.24  -15.55    -0.19  -22.23  -15.56  0.013
   8.04   -2.52   36.29     8.04   -2.51   36.28  0.009
  -6.26   12.19   60.66    -6.26   12.19   60.66  0.001
   6.25   18.11   17.85     6.24   18.11   17.85  0.003
  -5.76   13.86   32.09    -5.76   13.85   32.09  0.008
  13.27   21.45   13.48    13.27   21.42   13.47  0.033
 -20.90   -8.99  -54.47   -20.89   -8.99  -54.46  0.014
 -11.46   -6.20  -52.23   -11.47   -6.19  -52.20  0.026
 -18.46   -0.62   -1.16   -18.47   -0.62   -1.16  0.007
 -11.31   -7.61  -51.92   -11.32   -7.61  -51.89  0.025
  -7.03   11.64   54.60    -7.05   11.64   54.61  0.026
 -22.39  -29.94  -32.27   -22.39  -29.93  -32.27  0.008
 -29.51   -7.42  -10.25   -29.50   -7.42  -10.23  0.021
 -26.12    8.23  -45.72   -26.12    8.22  -45.72  0.014
  26.51    8.77   36.10    26.50    8.76   36.10  0.011
 -37.72  -11.50  -17.92   -37.74  -11.51  -17.91  0.021
  27.50    7.60   29.81    27.50    7.60   29.81  0.000
 -29.40  -21.06  -17.74   -29.41  -21.07  -17.74  0.012
 -23.86    6.26   29.81   -23.87    6.26   29.80  0.017
  37.27    3.43    4.10    37.29    3.43    4.11  0.022
 -32.32  -25.54  -30.62   -32.31  -25.54  -30.62  0.002
 -38.77    3.03  -36.74   -38.76    3.03  -36.74  0.004
   0.42  -14.89  -40.20     0.43  -14.89  -40.22  0.018
 -36.53    2.52  -44.07   -36.53    2.52  -44.07  0.001
 -38.60  -11.57  -41.01   -38.63  -11.56  -41.01  0.035
 -24.40    8.43   35.39   -24.38    8.42   35.38  0.021
  13.31    1.34  -16.29    13.31    1.33  -16.33  0.039
  14.34  -15.92  -16.82    14.34  -15.93  -16.82  0.005
 -10.04  -24.57  -41.18   -10.04  -24.57  -41.17  0.008
  24.80    2.33   46.50    24.77    2.34   46.49  0.028
  -7.67   10.53   51.27    -7.68   10.53   51.28  0.017
   3.73   21.40   42.66     3.72   21.44   42.65  0.037
  18.12   -9.91  -19.47    18.12   -9.91  -19.47  0.000
  -4.20   11.04   61.09    -4.20   11.04   61.09  0.003
   8.93   19.20   17.35     8.93   19.21   17.35  0.008
 -11.00    9.72   20.83   -11.00    9.71   20.83  0.005
 -25.96  -28.90  -28.51   -25.96  -28.90  -28.51  0.009
  -0.54    8.19   63.93    -0.54    8.19   63.93  0.004
 -34.77    6.34  -22.31   -34.78    6.34  -22.31  0.004
   8.97   -1.20   41.66     8.97   -1.20   41.66  0.000
 -30.14    0.71  -50.84   -30.14    0.70  -50.83  0.014
  17.81   -3.78   39.49    17.82   -3.76   39.49  0.023
 -12.85   13.14   38.61   -12.85   13.10   38.62  0.035
 -12.94    8.85   25.07   -12.93    8.83   25.07  0.021
  17.05  -14.84  -20.80    17.05  -14.84  -20.80  0.001
  33.07   -1.62  -23.21    33.11   -1.63  -23.19  0.052
 -22.47  -21.39  -14.24   -22.47  -21.39  -14.23  0.011
 -37.65  -16.12  -32.16   -37.66  -16.12  -32.16  0.005
 -16.23    0.28    7.80   -16.24    0.27    7.80  0.018
 -26.29  -20.16  -15.97   -26.29  -20.16  -15.96  0.010
 -40.55   -1.88  -26.05   -40.55   -1.87  -26.05  0.014
 -16.02    6.97  -48.90   -16.00    6.96  -48.88  0.037
 -28.78  -19.23  -15.54   -28.78  -19.23  -15.54  0.007
  24.69   -9.49    6.92    24.69   -9.49    6.92  0.008
   5.90   -0.59   41.40     5.88   -0.57   41.37  0.033
   0.35   -5.43   25.83     0.35   -5.42   25.83  0.010
 -38.89  -14.21  -27.52   -38.86  -14.22  -27.50  0.033
   6.09   -5.99   27.70     6.09   -5.98   27.70  0.005
 -40.97   -0.87  -29.63   -40.97   -0.87  -29.63  0.002
  20.03   -3.65   42.40    20.04   -3.63   42.40  0.028
  -7.49  -26.86  -30.37    -7.49  -26.85  -30.37  0.004
  31.18    5.55  -18.04    31.21    5.54  -18.05  0.035
   3.80    5.69   -9.03     3.81    5.72   -9.04  0.030
 -22.98   13.79  -38.07   -22.97   13.77  -38.06  0.023
 -14.96    4.00   37.32   -14.96    4.00   37.32  0.008
  18.71   21.64    8.10    18.68   21.61    8.08  0.039
  14.69  -15.47   -7.64    14.76  -15.69   -7.73  0.244
  33.24    4.27   13.83    33.24    4.27   13.83  0.009
  28.79   14.70  -11.69    28.82   14.72  -11.70  0.038
  25.37   19.46   10.23    25.35   19.46   10.21  0.032
   6.46   18.55   -7.73     6.46   18.56   -7.73  0.008
 -14.03   11.51   47.38   -14.03   11.51   47.38  0.003
  -9.10    8.06  -26.20    -9.12    8.06  -26.20  0.020
  31.77   -6.68   -6.62    31.78   -6.68   -6.62  0.011
  35.98    5.25    5.78    35.99    5.26    5.78  0.022
 -25.11   -2.78  -11.34   -25.11   -2.78  -11.35  0.004
   6.57   -9.42    6.33     6.57   -9.41    6.32  0.007
 -34.64  -10.25  -50.33   -34.65  -10.25  -50.34  0.010
  23.18   14.90  -20.32    23.20   14.94  -20.35  0.052
 -21.92   12.48  -17.36   -21.92   12.47  -17.36  0.007
 -28.53   12.16  -37.42   -28.53   12.15  -37.41  0.018
  25.69   20.02    1.08    25.70   20.04    1.08  0.024
 -27.65  -28.12  -30.88   -27.65  -28.12  -30.88  0.004
  33.16   13.60    0.38    33.17   13.63    0.37  0.027
 -19.57  -29.73  -34.51   -19.58  -29.72  -34.51  0.008
  15.92   12.32   64.08    15.92   12.32   64.07  0.011
  16.10    3.27   65.51    16.10    3.28   65.50  0.015
  -6.61   15.73   53.29    -6.63   15.73   53.30  0.019
   3.73    1.08   44.85     3.73    1.08   44.85  0.001
   3.30   -7.50  -32.43     3.32   -7.49  -32.45  0.030
  -0.98   -1.29   38.76    -0.98   -1.28   38.76  0.008
  18.33   18.25  -17.26    18.34   18.29  -17.27  0.036
   3.28    1.88   47.20     3.28    1.88   47.20  0.001
  -2.08    8.68   60.39    -2.08    8.68   60.39  0.002
 -25.85  -14.81  -51.60   -25.85  -14.80  -51.59  0.015
   3.49    6.06   64.69     3.49    6.06   64.68  0.005
   4.86  -10.46    0.73     4.86  -10.44    0.73  0.014
  -4.28    2.79   38.17    -4.31    2.79   38.18  0.025
 -37.91  -19.45  -26.25   -37.91  -19.45  -26.25  0.002
  17.14  -15.09  -20.38    17.13  -15.09  -20.38  0.008
 -23.92   -5.17  -10.56   -23.92   -5.17  -10.56  0.003
  15.14   24.05   32.68    15.15   24.07   32.68  0.018
 -32.95  -19.19  -17.96   -32.96  -19.19  -17.95  0.013
 -17.76  -29.68  -32.93   -17.76  -29.66  -32.93  0.016
  -8.22   11.30   50.57    -8.24   11.29   50.58  0.018
   2.63  -16.41  -38.28     2.64  -16.40  -38.29  0.017
  13.92   20.40  -11.49    13.92   20.41  -11.49  0.008
 -32.11   11.08  -35.22   -32.10   11.07  -35.22  0.011
   7.46   -1.52   39.19     7.45   -1.51   39.18  0.012
  14.26  -16.64  -13.57    14.26  -16.64  -13.57  0.004
 -21.90  -29.54  -36.07   -21.90  -29.53  -36.07  0.013
 -33.11    2.69  -13.41   -33.12    2.70  -13.40  0.013
  14.49   -2.46   43.55    14.49   -2.46   43.55  0.001
 -36.70  -21.13  -36.48   -36.70  -21.13  -36.48  0.002
  34.49    3.16  -20.86    34.50    3.14  -20.85  0.025
  -0.33   15.13   22.87    -0.33   15.13   22.87  0.003
 -17.63  -23.04  -16.17   -17.62  -23.04  -16.17  0.006
  18.89    2.83  -23.73    18.89    2.84  -23.73  0.001
 -10.83  -25.99  -23.37   -10.82  -25.99  -23.38  0.005
 -38.29   -0.04  -38.91   -38.30   -0.04  -38.91  0.009
 -37.24   -7.42  -35.89   -37.27   -7.41  -35.89  0.031
 -17.61    2.02    7.73   -17.63    2.02    7.73  0.017
   4.95   17.92   -4.42     4.95   17.91   -4.42  0.013
