400, ../OUTPUT/PA5-HighRes-E-Debug_Output.txt, 6
-38.8894, 151.495, -37.246, -26.6579, -62.0595, -88.9364, 
 -40.55  -19.31  -22.21   -40.57  -19.31  -22.20  0.021
  15.19   23.55   31.34    15.23   23.62   31.36  0.083
  18.74   18.63   38.21    18.65   18.60   38.20  0.099
  -9.90    0.52    8.44    -9.96    0.49    8.46  0.065
   3.03    2.51  -19.33     3.11    2.58  -19.40  0.129
 -31.42   -6.49  -52.44   -31.38   -6.50  -52.39  0.063
  10.31   23.11   28.54    10.27   23.31   28.57  0.201
  -4.43    8.68   34.35    -4.51    8.63   34.36  0.098
  17.81   -6.62   14.40    17.83   -6.66   14.41  0.047
  18.31   22.39   26.20    18.29   22.36   26.20  0.027
  21.20   -4.79   16.57    21.20   -4.77   16.57  0.024
 -31.57  -29.86  -22.61   -31.58  -29.87  -22.60  0.018
  10.37   22.41   40.77    10.37   22.41   40.77  0.003
  33.59   10.46   -7.23    33.59   10.46   -7.23  0.000
  32.70    2.48    4.48    32.79    2.48    4.52  0.094
  15.46  -12.20    1.88    15.44  -12.12    1.85  0.079
 -15.13   15.22   30.18   -15.17   15.17   30.17  0.062
   0.50  -15.69  -32.84     0.37  -15.75  -32.81  0.143
  28.83   14.69  -16.01    28.85   14.70  -16.02  0.027
  -3.87   14.31   11.05    -3.95   14.41   10.98  0.143
 -37.54   -8.63  -13.05   -37.53   -8.63  -13.06  0.017
   4.96   17.01    4.94     4.91   17.08    4.91  0.094
  -7.44  -22.70  -43.15    -7.38  -22.73  -43.19  0.074
   3.31  -22.56  -10.72     3.16  -22.51  -10.87  0.220
  -4.42   15.29   45.05    -4.52   15.30   45.10  0.115
 -32.77  -22.37  -45.47   -32.76  -22.35  -45.46  0.028
 -36.82  -26.79  -33.54   -36.91  -26.90  -33.57  0.154
   4.90   17.92    5.44     5.10   17.77    5.57  0.278
  16.62    7.69  -24.39    16.57    7.66  -24.49  0.119
  30.78    6.83    7.41    30.78    6.83    7.41  0.004
  -2.59    2.76   56.17    -2.50    2.80   56.17  0.100
  10.97   -6.86  -22.88    10.94   -6.86  -22.91  0.036
  -0.66   -5.82  -28.24    -0.56   -5.77  -28.34  0.144
   4.29  -11.00    9.36     4.28  -11.02    9.36  0.026
 -10.88   20.92   42.99   -10.88   20.91   43.02  0.023
  20.75   -3.56   23.48    20.80   -3.63   23.49  0.089
 -14.59  -33.56  -26.02   -14.64  -33.47  -26.03  0.103
  22.16   10.19   40.51    22.35   10.27   40.52  0.203
  33.15   10.94   -3.44    33.11   10.91   -3.44  0.051
   2.69    9.43   -5.87     2.69    9.45   -5.87  0.019
 -15.80  -25.72  -12.74   -15.79  -25.75  -12.70  0.053
  -0.63   -0.12   53.35    -0.51   -0.02   53.36  0.150
  -1.59    0.70   36.24    -1.68    0.67   36.25  0.103
  -2.08   17.43   14.65    -2.09   17.44   14.64  0.017
  -2.90   10.30    0.98    -2.88   10.28    0.99  0.028
  10.60   -4.35   63.39    10.59   -4.35   63.30  0.096
  23.91    8.75  -26.92    23.89    8.78  -26.98  0.060
  -9.26    0.44    9.84    -9.30    0.43    9.86  0.048
  25.10   -5.82    5.82    25.08   -5.76    5.81  0.069
  24.29    4.08  -28.73    24.31    4.03  -28.67  0.081
 -35.92    0.90  -45.75   -35.95    0.92  -45.78  0.049
  -9.45  -23.26  -45.81    -9.38  -23.31  -45.85  0.089
  -3.54    5.08   29.89    -3.63    5.06   29.90  0.094
  27.96   17.75  -10.38    27.92   17.72  -10.38  0.051
   8.63   23.37   -8.55     8.67   23.29   -8.55  0.087
   9.20    6.34   64.62     9.24    6.38   64.56  0.085
 -12.93   25.35   30.49   -12.90   25.29   30.50  0.079
 -25.36  -22.78  -10.79   -25.28  -22.60  -10.91  0.231
  24.74    8.74   22.22    24.68    8.72   22.21  0.065
 -28.48  -26.42  -14.75   -28.52  -26.46  -14.71  0.067
  21.65   10.67   51.15    21.57   10.65   51.14  0.078
   1.15   17.59   11.12     1.14   17.61   11.11  0.025
  22.56    6.37   41.17    22.61    6.36   41.17  0.054
 -12.11    3.79    2.33   -12.08    3.76    2.32  0.044
 -13.65  -28.22  -16.45   -13.67  -28.17  -16.48  0.061
  17.31   25.95    3.81    17.34   26.10    3.78  0.156
   8.77  -12.20  -20.43     8.92  -12.29  -20.58  0.224
 -34.43  -11.86  -50.75   -34.37  -11.87  -50.71  0.069
 -39.65    2.51  -37.61   -39.57    2.45  -37.57  0.101
 -29.45   -4.62  -10.42   -29.45   -4.62  -10.40  0.020
   6.67  -16.11  -19.81     6.68  -16.12  -19.82  0.012
  16.03   -4.95  -25.00    16.02   -4.96  -24.99  0.015
  30.63   -6.53  -15.85    30.61   -6.53  -15.85  0.018
   5.15  -11.27    9.68     5.16  -11.26    9.68  0.015
  15.78   23.40   31.33    15.75   23.35   31.32  0.062
 -11.41    5.21    0.54   -11.28    5.04    0.54  0.221
   7.25  -13.71  -20.60     7.25  -13.72  -20.61  0.016
  -3.50    5.58   58.63    -3.61    5.55   58.66  0.127
 -16.97   21.27   31.08   -16.90   21.25   31.08  0.065
  30.63    3.94  -23.99    30.61    3.94  -23.98  0.020
 -38.48  -13.85  -42.19   -38.46  -13.86  -42.20  0.020
  24.26    0.84  -28.33    24.25    0.79  -28.38  0.067
 -18.81  -23.84  -51.22   -18.82  -23.81  -51.19  0.044
 -31.53    7.55  -42.06   -31.48    7.48  -42.03  0.093
  14.26   24.24   34.76    14.35   23.90   34.74  0.349
 -39.99  -20.56  -36.51   -39.90  -20.51  -36.46  0.117
  21.51    9.11   59.48    21.34    9.09   59.48  0.175
 -38.06  -18.63  -40.99   -38.08  -18.64  -41.00  0.028
  22.96   -1.56  -26.66    22.94   -1.57  -26.72  0.060
 -35.34  -18.48  -45.61   -35.39  -18.52  -45.66  0.082
   6.07  -18.59  -19.46     6.08  -18.59  -19.46  0.012
  -3.01    6.89   41.14    -3.24    6.82   41.14  0.239
 -29.91   -5.31  -10.34   -29.93   -5.27  -10.24  0.109
   0.89  -17.24  -33.44     0.83  -17.26  -33.42  0.072
   8.66   -8.30   17.83     8.68   -8.35   17.85  0.054
 -13.49  -32.56  -35.54   -13.52  -32.54  -35.53  0.037
   7.17   18.32   -3.65     7.21   18.33   -3.65  0.045
  21.04    7.23  -26.66    21.03    7.24  -26.72  0.055
  11.55   -4.73   44.88    11.55   -4.79   44.88  0.065
 -12.04    7.77  -12.10   -12.01    7.69  -12.16  0.097
 -25.43  -25.65  -12.42   -25.45  -25.61  -12.49  0.079
 -14.49   -3.80   -0.51   -14.48   -3.80   -0.52  0.010
   7.88  -12.01    8.22     7.86  -12.08    8.22  0.064
  14.00   -4.87   52.05    14.04   -5.00   52.05  0.140
  30.97   12.17    1.45    31.09   12.25    1.50  0.161
  12.35   -5.14   62.94    12.29   -5.02   62.87  0.153
  13.21   23.97   27.03    13.21   24.00   27.03  0.030
  16.58   -6.05   18.80    16.58   -6.07   18.81  0.024
 -41.34    1.37  -30.30   -41.24    1.33  -30.32  0.117
 -19.65  -16.45  -54.08   -19.66  -16.44  -54.01  0.064
  14.28   23.52   36.93    14.28   23.60   36.93  0.080
  35.20    7.22   -7.78    35.19    7.22   -7.78  0.008
 -31.18   11.47  -30.68   -31.28   11.60  -30.66  0.172
 -22.16  -33.43  -37.80   -22.17  -33.45  -37.81  0.017
  -2.31  -12.37   -0.12    -2.31  -12.37   -0.12  0.001
 -16.19  -30.86  -18.97   -16.18  -30.89  -18.94  0.049
  30.39   14.38  -11.69    30.46   14.44  -11.70  0.092
  30.98   13.03    1.03    30.93   13.02    1.00  0.061
  12.54   25.23   -4.67    12.58   25.14   -4.66  0.093
  -0.71   -1.72   34.08    -0.69   -1.67   34.00  0.095
  27.30   -5.88  -25.73    27.41   -5.93  -25.89  0.200
   1.00  -20.43  -35.87     0.94  -20.44  -35.85  0.063
  31.43   -3.11  -12.02    31.31   -3.00  -12.01  0.168
  16.13   -8.49  -25.17    16.12   -8.50  -25.20  0.028
   9.63   22.48  -23.84     9.64   22.53  -23.90  0.080
  -0.30  -25.52  -31.67    -0.31  -25.51  -31.67  0.017
  -6.12   26.99   32.06    -6.13   26.82   32.07  0.172
   3.92  -19.13  -23.07     3.99  -19.15  -23.10  0.076
  29.82    3.48  -25.51    29.87    3.48  -25.53  0.045
  19.38   -3.02   34.62    19.25   -2.88   34.61  0.192
   4.39  -18.42   -7.22     4.39  -18.51   -7.17  0.105
  33.27   10.52  -11.43    33.32   10.62  -11.44  0.110
   3.49    6.55   63.38     3.49    6.54   63.24  0.138
 -16.70   19.15   28.78   -16.83   19.23   28.74  0.156
 -17.77   -0.17   -5.14   -17.71   -0.20   -5.19  0.080
  21.68    7.21   57.10    21.57    7.20   57.11  0.111
   8.80   -7.07   21.60     8.77   -6.92   21.54  0.173
  -7.02   -5.40    7.12    -7.01   -5.40    7.11  0.008
  -6.26    2.03   16.34    -6.39    1.95   16.42  0.168
  -6.72   26.80   36.80    -6.75   26.55   36.73  0.261
 -34.85  -19.40  -14.31   -34.91  -19.44  -14.27  0.082
 -28.09  -32.99  -34.35   -28.06  -32.88  -34.34  0.114
  -3.86  -14.54  -41.05    -3.88  -14.54  -41.04  0.023
   6.60   -4.09   45.89     6.64   -3.95   45.91  0.142
  10.66   -9.25   14.24    10.69   -9.33   14.28  0.096
  -4.02  -26.80  -16.51    -4.05  -26.72  -16.57  0.103
 -17.72   -5.58  -54.65   -17.72   -5.57  -54.58  0.076
  31.05   13.58  -10.26    30.99   13.54  -10.28  0.074
  32.44   -1.16   -7.58    32.46   -1.17   -7.58  0.023
 -26.18   13.36  -23.50   -26.16   13.33  -23.53  0.048
   6.58   23.78   17.50     6.54   23.87   17.48  0.096
 -35.35    7.50  -26.61   -35.33    7.48  -26.62  0.030
  30.80   12.92   -5.25    30.79   12.90   -5.25  0.027
   9.67   -0.74   63.45     9.66   -0.74   63.30  0.155
   6.82  -18.10   -6.90     6.82  -18.11   -6.90  0.007
   4.62   23.27   28.55     4.63   23.32   28.55  0.049
  22.73   23.20    7.52    22.74   23.21    7.53  0.016
 -32.51  -13.75  -51.75   -32.47  -13.74  -51.66  0.098
   6.07   23.50   20.32     6.07   23.53   20.32  0.037
  -5.85   14.99   14.74    -5.94   15.08   14.68  0.142
  -2.48    1.75   33.54    -2.37    1.79   33.54  0.114
  -6.35    5.97  -34.27    -6.44    5.92  -34.27  0.102
  10.21   -4.59   43.53    10.20   -4.60   43.53  0.013
  19.70   17.73   32.24    19.79   17.77   32.25  0.096
  15.05   -8.78  -24.14    15.03   -8.81  -24.17  0.047
 -13.59  -11.74  -53.83   -13.60  -11.74  -53.83  0.007
 -25.70  -33.52  -31.39   -25.72  -33.56  -31.38  0.037
   6.50   16.96    2.17     6.41   16.97    2.14  0.097
  -9.58   12.22  -23.46    -9.63   12.15  -23.48  0.093
  21.61   15.42  -23.88    21.61   15.46  -23.92  0.061
  25.55   -2.55   12.59    25.55   -2.55   12.59  0.001
  11.87  -15.93   -1.15    11.80  -15.84   -1.20  0.135
  16.58   23.10   27.76    16.67   23.28   27.75  0.197
  24.30   -8.79  -23.64    24.27   -8.82  -23.69  0.068
  17.21   -7.09   13.58    17.22   -7.14   13.59  0.051
  21.29    9.98   53.77    21.43   10.01   53.78  0.140
 -37.94    5.64  -32.64   -37.97    5.66  -32.65  0.035
 -41.69   -1.01  -37.29   -41.60   -1.02  -37.25  0.100
  10.11   25.08   12.82    10.04   25.17   12.83  0.117
   0.68   -1.33   49.02     0.75   -1.23   49.03  0.121
   9.63   21.02   51.13     9.52   21.22   51.14  0.231
  -7.25   10.46  -22.70    -7.30   10.42  -22.69  0.058
  18.59   17.69   54.13    18.51   17.65   54.12  0.089
 -31.56  -14.69  -10.32   -31.55  -14.68  -10.26  0.054
   9.27   23.76   -4.59     9.31   23.67   -4.58  0.102
   7.23   18.21   -2.16     7.19   18.20   -2.16  0.043
 -38.37  -11.52  -39.33   -38.37  -11.52  -39.33  0.008
  -1.50   15.87   53.10    -1.67   15.96   53.12  0.196
  32.03    2.53    6.27    32.11    2.53    6.31  0.085
  16.34   25.50  -12.04    16.33   25.42  -12.03  0.082
  -8.83   10.46   19.86    -8.88   10.45   19.85  0.050
   6.66  -19.20   -9.54     6.63  -19.12   -9.56  0.085
  11.95   -5.41   52.96    11.93   -5.32   52.97  0.089
  15.48   -5.71  -25.60    15.48   -5.70  -25.61  0.008
  19.04   22.19   24.46    19.02   22.16   24.44  0.044
  27.09   13.80  -19.80    27.07   13.77  -19.78  0.036
  11.94   -5.54   54.42    11.94   -5.52   54.42  0.028
   7.10   20.28   -2.52     7.14   20.26   -2.51  0.044
  -1.02    0.10   37.89    -1.11    0.01   37.92  0.131
 -15.15  -28.03  -46.11   -15.14  -28.05  -46.12  0.024
  25.92    9.60   17.32    25.81    9.56   17.28  0.122
  22.17    7.93   46.65    22.05    7.93   46.65  0.113
  20.69  -11.03   -1.64    20.64  -10.94   -1.69  0.116
  -2.14  -12.67   -0.69    -2.15  -12.70   -0.68  0.036
   9.71   22.91   32.04     9.69   22.97   32.04  0.053
  21.86    2.39   38.47    21.96    2.34   38.48  0.120
   6.16   23.32   25.67     6.14   23.18   25.68  0.149
  12.69   -6.76   19.84    12.69   -6.77   19.84  0.018
  -1.60  -25.06  -11.51    -1.57  -24.94  -11.63  0.165
   7.04   20.38   -1.87     7.05   20.38   -1.87  0.013
 -19.49  -30.54  -16.37   -19.48  -30.56  -16.35  0.031
  -9.32    9.91  -37.63    -9.31    9.92  -37.63  0.013
  12.56   20.03  -25.52    12.59   20.08  -25.56  0.069
   6.76   20.15   -4.46     6.83   20.11   -4.46  0.077
 -34.71   -5.92  -49.07   -34.69   -5.93  -49.06  0.020
 -13.84  -17.28  -52.73   -13.86  -17.27  -52.70  0.041
  21.35   18.04  -20.74    21.37   18.07  -20.76  0.040
  14.46  -10.05    7.30    14.48  -10.14    7.34  0.107
   9.10    6.27   64.49     9.14    6.31   64.43  0.076
   4.49   19.56   50.64     4.54   19.35   50.60  0.215
  21.45  -10.17   -1.51    21.47  -10.20   -1.49  0.037
  -1.85    1.56   53.91    -1.85    1.56   53.91  0.007
 -34.95    2.60  -45.08   -34.92    2.57  -45.05  0.054
  22.78  -13.87  -17.51    22.79  -13.97  -17.50  0.094
  24.37   15.49   15.72    24.27   15.43   15.67  0.126
  -1.64   15.78   54.27    -1.61   15.77   54.27  0.030
   7.39   17.36   -2.82     7.47   17.39   -2.81  0.092
  21.36   16.71   25.97    21.34   16.70   25.97  0.022
 -32.23   10.01  -26.00   -32.24   10.02  -26.00  0.023
   8.98    6.29   64.52     9.06    6.37   64.41  0.147
  13.61   27.04   13.72    13.70   26.87   13.69  0.196
  18.59   -2.73   40.05    18.69   -2.80   40.07  0.125
  22.81   11.70   27.00    23.01   11.76   27.03  0.219
 -13.51   -6.54  -53.81   -13.54   -6.55  -53.77  0.055
 -43.03  -17.60  -31.72   -42.95  -17.58  -31.72  0.088
 -27.71  -28.36  -16.31   -27.76  -28.42  -16.27  0.085
  18.65    6.80  -25.29    18.58    6.82  -25.36  0.102
 -43.47   -8.29  -31.84   -43.38   -8.31  -31.73  0.144
 -28.40  -29.59  -41.06   -28.43  -29.67  -41.10  0.094
 -33.35  -18.76  -47.71   -33.36  -18.83  -47.76  0.082
 -38.32    4.17  -25.72   -38.35    4.19  -25.71  0.041
 -38.88  -18.71  -18.69   -38.85  -18.70  -18.71  0.039
 -35.94  -12.15  -48.59   -35.98  -12.14  -48.61  0.045
  10.44   18.41  -26.79    10.44   18.42  -26.95  0.163
 -35.43  -11.75  -11.14   -35.43  -11.75  -11.14  0.001
  27.08   16.88  -16.07    27.22   16.97  -16.13  0.176
 -31.59    5.29  -45.22   -31.56    5.25  -45.16  0.073
  -5.58    4.51  -32.12    -5.71    4.46  -32.12  0.140
  35.22    2.00   -6.68    35.26    1.98   -6.66  0.049
   1.30   -3.74   32.71     1.30   -3.70   32.70  0.036
  16.75   20.63   53.11    16.77   20.67   53.12  0.043
 -37.91   -4.22  -15.19   -37.83   -4.25  -15.25  0.097
  24.50  -13.69  -18.35    24.51  -13.70  -18.36  0.020
  15.01   -4.95   60.97    14.89   -4.81   60.99  0.180
  12.34  -10.12    9.61    12.34  -10.11    9.61  0.013
  -5.48    8.73   29.49    -5.60    8.62   29.50  0.168
 -39.19  -17.02  -17.94   -39.21  -17.03  -17.93  0.019
 -11.12  -22.62  -49.12   -11.15  -22.62  -49.10  0.039
   0.82   -2.24   34.16     0.78   -2.28   34.16  0.050
  -0.38  -16.70  -36.69    -0.41  -16.71  -36.68  0.029
  29.40  -10.55  -14.54    29.47  -10.57  -14.52  0.077
 -25.36    9.22  -19.62   -25.35    9.15  -19.68  0.093
  27.81  -11.57  -13.92    27.81  -11.57  -13.90  0.024
 -37.24    2.52  -42.94   -37.13    2.43  -42.88  0.159
   7.20   -3.97   41.89     7.22   -3.92   41.88  0.051
 -23.04  -14.58  -54.12   -23.05  -14.65  -54.12  0.067
  -2.16    3.54   42.61    -2.19    3.53   42.61  0.031
  15.62   24.66   22.48    15.57   24.49   22.42  0.189
 -29.72  -32.19  -29.93   -29.72  -32.19  -29.93  0.001
   0.48   18.27   12.27     0.55   18.18   12.35  0.139
  18.53   -5.01   23.18    18.54   -5.03   23.18  0.021
 -13.73   24.75   30.30   -13.75   24.79   30.29  0.050
 -28.24    0.03  -51.30   -28.22    0.01  -51.26  0.044
  -1.26    9.77   62.63    -1.25    9.77   62.62  0.010
  22.11    7.10   48.50    21.93    7.10   48.47  0.183
   8.81   24.35   12.89     8.76   24.45   12.90  0.101
 -12.47    4.23   -3.06   -12.50    4.28   -3.06  0.063
  -9.26    5.73  -43.65    -9.18    5.78  -43.69  0.101
   8.76   23.47   24.98     8.74   23.55   25.00  0.078
  -3.65    6.42   59.28    -3.70    6.38   59.29  0.066
 -13.10  -29.10  -43.81   -13.16  -29.02  -43.75  0.119
   2.02   -1.29  -23.55     2.09   -1.24  -23.61  0.103
 -19.15   11.38  -43.30   -19.16   11.38  -43.31  0.008
  32.68    8.89    2.37    32.65    8.87    2.35  0.037
  -4.28   13.56   46.12    -4.19   13.55   46.07  0.111
  10.87   23.51   28.10    10.86   23.53   28.10  0.025
 -24.30    0.50  -52.05   -24.30    0.50  -52.06  0.009
 -15.64    7.57  -48.33   -15.64    7.54  -48.30  0.046
  20.61   15.71   33.65    20.60   15.70   33.65  0.012
 -29.98    7.59  -43.19   -29.98    7.59  -43.19  0.003
 -24.00  -22.26   -9.98   -24.01  -22.29   -9.94  0.056
   5.89    9.62   -6.41     5.87    9.72   -6.47  0.114
  20.02   19.87   26.25    19.94   19.82   26.22  0.095
  23.28   -8.17    0.93    23.28   -8.16    0.93  0.012
 -42.19  -14.05  -21.91   -42.12  -14.03  -21.93  0.071
 -12.44  -21.93  -50.16   -12.45  -21.95  -50.09  0.078
   6.27  -12.31    5.65     6.27  -12.27    5.63  0.048
  22.09   -1.07   27.87    22.09   -1.08   27.87  0.009
  19.35   16.70   41.54    19.44   16.74   41.53  0.101
 -30.39  -30.65  -22.95   -30.44  -30.76  -22.93  0.124
   9.93   -2.03   63.36     9.93   -2.03   63.32  0.036
 -33.17  -14.10  -10.55   -33.18  -14.10  -10.53  0.023
  25.95   -7.34   -0.20    25.99   -7.46   -0.15  0.141
 -30.70  -31.83  -34.49   -30.67  -31.75  -34.48  0.088
 -33.87    4.27  -44.41   -33.81    4.23  -44.35  0.090
  22.60   15.73   20.94    22.65   15.74   20.95  0.049
  25.00   12.39   17.23    24.90   12.36   17.18  0.124
  21.61   12.24   46.26    21.49   12.22   46.26  0.125
   1.94   18.60   55.03     1.93   18.65   55.02  0.052
  -4.22  -29.21  -23.37    -4.28  -29.06  -23.35  0.164
 -21.79  -17.48  -54.15   -21.80  -17.47  -54.06  0.096
  34.89    8.73   -5.22    35.01    8.87   -5.21  0.184
   2.39   -6.17  -25.74     2.39   -6.17  -25.74  0.005
  -2.59   10.84   59.42    -2.85   10.98   59.45  0.298
 -10.16    8.89  -42.17   -10.19    8.88  -42.16  0.036
  12.12   21.60  -24.24    12.14   21.69  -24.33  0.124
  19.60    6.50  -26.34    19.59    6.50  -26.35  0.012
   5.48   12.08   -2.99     5.47   12.22   -3.08  0.162
  14.55   21.28   55.40    14.58   21.40   55.41  0.122
  -4.80   10.40   42.32    -4.57   10.48   42.32  0.249
  10.74    7.64   63.45    10.63    7.76   63.55  0.184
  20.79   11.01   61.93    20.71   10.98   61.90  0.092
 -29.48   -5.22  -53.02   -29.45   -5.25  -52.93  0.102
  17.32   -2.89   55.23    17.32   -2.89   55.23  0.002
 -37.75  -17.03  -42.10   -37.74  -17.03  -42.10  0.008
 -15.21  -23.02  -10.61   -15.17  -23.10  -10.54  0.111
  -3.39    5.64   33.63    -3.31    5.65   33.63  0.081
  28.32   17.05  -10.08    28.34   17.06  -10.08  0.014
  24.82   14.09   16.12    24.75   14.07   16.10  0.074
 -25.10  -27.45  -14.36   -25.10  -27.42  -14.38  0.036
 -25.39  -13.91   -7.58   -25.39  -13.90   -7.61  0.035
  15.96   -6.54  -25.80    15.96   -6.54  -25.81  0.004
 -40.60    2.59  -33.84   -40.50    2.53  -33.83  0.115
 -13.89  -26.43  -47.26   -13.85  -26.52  -47.33  0.118
   6.89   17.88  -14.95     6.98   17.92  -14.97  0.102
 -25.43  -27.56  -14.30   -25.44  -27.46  -14.37  0.114
 -27.52    8.47  -43.26   -27.53    8.50  -43.27  0.029
 -25.67   11.24  -41.12   -25.68   11.26  -41.13  0.018
   4.21  -20.61  -10.43     4.21  -20.64  -10.42  0.036
  25.25   15.43  -19.85    25.28   15.45  -19.87  0.038
  -4.44  -22.09  -10.70    -4.44  -22.09  -10.70  0.003
  -5.80    8.65   -6.92    -5.80    8.62   -6.92  0.033
  16.13   -5.02  -24.91    16.15   -5.00  -24.95  0.048
 -18.13  -33.92  -27.64   -18.13  -33.95  -27.64  0.031
  21.30   11.37   50.81    21.40   11.40   50.81  0.106
  -4.58    1.57  -33.53    -4.79    1.53  -33.53  0.208
  -1.86   12.04    3.11    -1.90   12.09    3.09  0.074
 -36.25  -17.82  -44.84   -36.37  -17.90  -44.94  0.181
   4.35   18.95   54.26     4.32   19.11   54.24  0.163
  20.41    2.20   54.09    20.45    2.18   54.10  0.050
  13.44   25.81   20.57    13.54   25.75   20.50  0.135
   9.42   -4.43   41.89     9.42   -4.43   41.89  0.004
  12.49   26.44    9.90    12.47   26.48    9.89  0.048
 -39.33   -0.63  -41.97   -39.25   -0.67  -41.93  0.096
  31.12    5.66  -20.75    31.20    5.68  -20.76  0.079
  15.93   23.56   36.96    15.93   23.56   36.96  0.002
  33.36    2.72    2.84    33.41    2.72    2.85  0.049
 -23.20  -19.10   -8.40   -23.21  -19.11   -8.36  0.036
  12.80   23.12   44.57    12.80   23.11   44.57  0.004
 -29.11   12.21  -25.07   -29.01   12.06  -25.12  0.182
 -22.02  -17.03  -53.22   -21.96  -17.03  -53.22  0.054
  13.56   -5.10   31.14    13.56   -5.22   31.16  0.123
  26.44    2.04  -29.62    26.58    1.92  -29.72  0.209
  -6.28   -5.40    8.25    -6.25   -5.36    8.23  0.055
 -10.97  -20.52  -10.06   -10.97  -20.53  -10.05  0.007
  27.47   -8.48   -3.96    27.53   -8.58   -3.92  0.129
 -15.78   22.69   29.79   -15.91   22.82   29.71  0.199
   0.73   -0.66  -24.84     0.72   -0.66  -24.83  0.016
  12.50   11.08  -26.64    12.48   11.04  -26.66  0.052
  -4.35    7.07   57.66    -4.35    7.07   57.66  0.003
 -18.43  -12.78   -5.97   -18.44  -12.79   -5.95  0.024
  21.01   19.45   22.15    21.09   19.48   22.17  0.092
  26.21   13.00   13.22    26.33   13.06   13.27  0.140
  25.81    5.93   19.43    25.70    5.94   19.40  0.114
 -26.41  -31.74  -38.98   -26.41  -31.73  -38.98  0.011
 -14.28   13.03  -38.33   -14.33   12.87  -38.29  0.177
  -7.21  -24.22  -11.91    -7.22  -24.16  -11.95  0.071
  32.81   -1.67   -1.31    32.82   -1.68   -1.31  0.009
 -22.84   -0.03  -10.08   -22.88    0.01  -10.04  0.066
 -11.11  -31.58  -36.19   -11.20  -31.40  -36.18  0.197
  11.37   11.11   62.32    11.37   11.11   62.31  0.018
 -12.65   24.27   27.08   -12.64   24.25   27.09  0.026
 -28.47   10.46  -40.52   -28.45   10.41  -40.48  0.063
  13.27    9.47   62.83    13.26    9.46   62.75  0.087
 -28.97   13.16  -29.55   -28.97   13.16  -29.55  0.008
 -30.19  -24.94  -45.59   -30.17  -24.92  -45.56  0.041
 -31.06  -24.46  -45.25   -31.08  -24.48  -45.27  0.035
  -9.64   21.33   43.45    -9.64   21.33   43.45  0.001
 -15.18  -33.60  -31.98   -15.17  -33.70  -31.98  0.101
  13.91  -13.22  -18.67    13.87  -13.30  -18.74  0.114
 -12.64  -21.96  -50.26   -12.66  -21.99  -50.16  0.106
  25.59   17.88  -17.31    25.57   17.86  -17.30  0.029
  30.77    3.62  -22.93    30.84    3.59  -22.94  0.076
  -3.61    4.93   56.84    -3.64    4.92   56.84  0.027
 -22.53  -15.64   -7.89   -22.53  -15.64   -7.90  0.008
 -24.24  -13.32  -54.60   -24.24  -13.34  -54.62  0.027
  33.64   10.08   -3.51    33.69   10.12   -3.51  0.057
   9.92   23.84   25.47     9.94   23.76   25.45  0.076
  25.52    1.39  -29.40    25.52    1.41  -29.38  0.032
  -5.64   26.34   38.42    -5.63   26.22   38.42  0.124
