150, ../OUTPUT/PA5-A-Debug_Output.txt, 6
8.03894, 147.604, 2.75251, -19.7134, -6.2416, -42.1311, 
  -1.60   -0.08   44.51    -1.60   -0.28   44.49  0.203
   5.55    8.70   -8.87     5.46    9.06   -8.97  0.387
   6.92   -6.72   21.62     6.96   -7.30   21.86  0.626
  30.80   -5.26  -13.10    30.45   -4.96  -13.23  0.486
  -0.64  -15.02  -33.62    -0.81  -15.04  -33.57  0.177
  20.91   23.80    8.88    21.24   24.11    8.94  0.454
  17.91   14.16   65.83    17.66   13.92   65.35  0.592
 -31.81   -8.94  -11.43   -31.81   -8.94  -11.46  0.032
  10.14   -9.52  -21.45    10.23   -9.78  -21.71  0.380
 -32.28    5.35  -42.24   -32.30    5.41  -42.27  0.071
 -33.47  -17.52  -48.23   -33.35  -17.45  -48.08  0.203
 -26.45    0.88  -14.58   -26.44    0.91  -14.54  0.046
  18.60   18.03   53.50    18.58   18.00   53.50  0.032
  -1.83   21.47   21.36    -1.91   21.68   21.25  0.252
   3.69   -7.05   24.53     3.74   -7.26   24.57  0.226
 -44.08  -15.33  -31.23   -44.02  -15.31  -31.23  0.055
   9.03   20.76   -2.25     8.79   21.06   -2.39  0.408
  14.57    4.46  -19.77    14.62    4.45  -19.73  0.060
 -32.49   -9.59  -51.00   -32.37   -9.68  -50.55  0.475
  33.77   12.24   -0.05    33.57   12.09   -0.04  0.244
  25.93   20.28    7.15    26.01   20.32    7.17  0.094
  24.42   -9.54   -2.95    24.39   -9.47   -2.97  0.076
   2.66   -4.59   33.87     2.71   -4.72   33.94  0.161
 -29.06  -18.77  -10.57   -29.10  -18.67  -10.81  0.274
  13.58   22.95   40.76    13.58   22.93   40.77  0.023
  -9.97    6.85  -37.61    -9.79    7.03  -37.72  0.272
  22.40   15.65   27.16    22.35   15.63   27.15  0.052
   3.31   -9.74   11.69     3.47   -9.31   11.52  0.487
  10.87   -4.10   33.38    10.87   -3.89   33.27  0.236
 -15.72   -6.82  -52.39   -15.73   -6.72  -52.83  0.454
 -28.09  -26.34  -14.60   -27.93  -26.11  -14.74  0.315
   0.56  -17.97  -30.18     0.76  -18.07  -30.25  0.229
 -35.54   -9.20  -12.22   -35.68   -9.03  -11.94  0.361
 -14.16   13.91   35.80   -14.00   13.89   35.76  0.162
 -15.78  -32.44  -32.83   -15.94  -31.98  -32.78  0.488
  -4.31  -25.08  -33.43    -4.09  -25.53  -33.47  0.493
  31.96   -2.65  -19.64    31.74   -2.50  -19.59  0.274
 -29.78  -15.61  -10.34   -29.69  -15.40  -10.63  0.369
 -13.05  -28.64  -19.27   -13.11  -28.88  -19.08  0.310
  24.09    4.94   30.65    24.23    4.91   30.69  0.151
  -3.05   19.28   18.66    -3.04   19.24   18.69  0.054
 -34.66    2.04  -43.84   -34.65    2.03  -43.79  0.047
  -4.62   10.66   42.52    -4.93   10.51   42.58  0.346
  30.62    4.07  -25.12    30.44    4.10  -24.99  0.220
  -2.68   -3.07  -30.10    -2.56   -3.08  -30.22  0.173
  -2.89    3.46   53.29    -3.41    3.45   53.53  0.582
   4.53   -3.23   45.52     4.60   -3.05   45.53  0.194
  19.84   24.01   -1.73    19.88   23.86   -1.66  0.161
   1.11   -7.02  -27.56     1.09   -7.01  -27.54  0.027
   6.51   -3.26   66.54     6.56   -3.33   66.79  0.266
 -26.71  -18.58  -50.96   -26.70  -18.57  -50.94  0.032
  14.56   23.04   36.51    15.02   22.70   36.41  0.571
 -15.56  -23.66  -12.80   -15.62  -23.66  -12.71  0.103
 -25.13    6.64  -17.95   -25.12    6.74  -17.90  0.112
   0.96  -14.42   -4.35     0.94  -14.46   -4.31  0.061
 -34.19  -14.24  -11.53   -34.09  -14.28  -11.64  0.151
 -20.92   11.80  -23.84   -20.92   11.99  -23.85  0.187
  -3.52    8.75   60.97    -3.03    8.53   60.95  0.532
  20.13   20.19   28.63    20.29   20.35   28.58  0.227
   8.43    0.45   66.69     8.59    0.42   66.85  0.232
 -13.52  -28.13  -42.83   -13.60  -27.98  -42.71  0.205
  12.80   12.68  -25.96    13.03   12.81  -25.90  0.274
  30.63   15.51    2.20    30.32   15.29    2.14  0.390
  -0.07   15.77   59.97    -0.10   15.80   59.97  0.039
   9.85   -4.53  -21.91     9.64   -4.48  -22.35  0.490
  -1.25   14.13   59.48    -1.06   14.08   59.45  0.204
  18.71   17.84   53.42    18.73   17.85   53.42  0.020
  25.63   11.53   19.16    25.64   11.52   19.17  0.012
  36.78    3.79   -6.83    36.99    3.69   -6.96  0.267
  30.99   -3.72   -9.92    30.64   -3.46   -9.84  0.437
  14.62   23.00   35.30    14.68   22.62   35.24  0.390
   8.12  -10.79  -21.78     8.12  -10.76  -21.75  0.041
 -12.93  -26.28  -16.22   -12.90  -26.35  -16.20  0.075
  24.64   21.87    3.44    24.98   22.43    3.49  0.656
 -40.12   -0.28  -38.69   -40.55    0.04  -38.89  0.577
  -8.61   -1.38  -45.07    -8.82   -1.47  -44.92  0.273
   4.74    8.23   -9.40     4.67    8.78   -9.54  0.569
  17.97   22.48   19.64    17.99   22.53   19.65  0.052
  16.31  -11.16    1.73    16.36  -11.44    1.86  0.314
  -8.01  -27.64  -35.65    -8.03  -27.53  -35.66  0.110
  27.39    4.41  -29.31    27.36    4.41  -29.43  0.128
  23.48   21.60  -12.34    23.53   21.73  -12.34  0.138
 -15.98   -8.42  -52.57   -16.00   -8.45  -52.96  0.385
  16.39   23.23  -14.20    16.40   23.14  -14.20  0.090
  15.85    7.50  -22.38    15.84    7.48  -22.39  0.019
 -27.71  -27.81  -43.25   -27.63  -27.58  -43.02  0.338
 -22.49    6.48  -44.68   -22.42    6.10  -44.34  0.518
   1.74   11.62   -0.42     1.75   11.61   -0.41  0.021
   4.35    6.98   66.91     4.31    6.99   67.08  0.173
  27.90    9.67   14.28    27.98    9.70   14.33  0.106
  -0.34   -3.40  -27.62    -0.40   -3.40  -27.57  0.074
  -7.33  -22.54  -42.49    -6.96  -22.85  -42.73  0.538
 -38.26   -3.89  -17.12   -37.90   -4.05  -17.33  0.436
  -5.44   -8.40  -43.86    -5.10   -8.42  -44.09  0.404
   4.75   17.58    6.09     4.64   17.67    6.02  0.161
  -5.08  -21.48  -13.09    -4.86  -21.80  -12.79  0.498
 -17.24    3.88  -13.49   -17.21    4.06  -13.51  0.183
 -33.50    3.15  -43.92   -33.49    3.15  -43.88  0.039
  13.00   22.55   31.96    12.99   22.70   31.98  0.153
 -26.11   -7.77  -10.43   -26.11   -7.77  -10.42  0.014
  19.93    1.67   54.79    20.14    1.57   54.82  0.225
 -14.03    9.97  -35.71   -13.99   10.03  -35.72  0.069
  35.32    3.97    1.76    35.49    3.94    1.72  0.179
 -14.84  -30.24  -39.96   -14.91  -30.01  -39.85  0.259
  15.99   21.82   51.78    15.84   21.54   51.68  0.337
  14.73   23.31   44.82    14.86   23.51   44.86  0.239
   4.78    9.02   -7.85     4.70    9.27   -8.01  0.319
  12.86   12.11  -25.30    13.18   12.29  -25.22  0.374
  12.69   21.61   62.46    12.65   21.67   62.50  0.079
 -40.58  -14.78  -19.11   -40.55  -14.78  -19.13  0.027
 -34.72  -14.67  -11.80   -34.61  -14.72  -11.92  0.167
 -29.88   10.11  -28.89   -29.90   10.14  -28.89  0.036
 -34.99   -2.28  -14.36   -34.74   -2.45  -14.60  0.387
 -33.99  -11.43  -11.14   -34.09  -11.46  -11.47  0.347
  -7.13    2.58   17.74    -7.59    2.31   17.98  0.584
   0.91   14.59    8.50     0.66   14.97    8.41  0.470
 -25.69  -31.07  -19.63   -25.53  -31.35  -19.49  0.348
  -3.74    7.32   -8.42    -3.67    7.04   -8.40  0.288
  28.40   18.22   -9.57    28.56   18.36   -9.57  0.215
 -11.14   11.83   25.31   -11.23   11.78   25.27  0.111
   4.73   19.34   47.47     4.98   19.31   47.65  0.303
  19.69   15.91   54.16    19.81   15.92   54.18  0.125
  -0.41  -21.00  -32.47    -1.12  -20.81  -32.28  0.758
  -8.51    4.57   16.39    -8.84    4.51   16.44  0.346
 -11.44    5.76  -12.74   -11.29    5.47  -12.83  0.336
  -2.21  -10.86  -34.48    -1.93  -10.70  -34.52  0.324
  14.87   21.89   53.65    14.74   21.67   53.60  0.260
 -40.33   -5.66  -39.87   -40.59   -5.73  -39.98  0.292
  -3.14   17.92   16.99    -3.31   18.14   16.91  0.292
   8.03   -4.46   63.26     8.03   -4.50   63.25  0.043
   6.84    2.26   66.79     6.83    2.25   66.96  0.177
 -31.28   -5.86  -11.96   -31.41   -5.78  -11.56  0.427
   2.90  -19.51  -17.22     3.01  -19.68  -17.25  0.203
  -2.81   -4.90  -32.85    -3.06   -4.96  -32.81  0.262
  18.42   21.96  -19.32    18.38   21.86  -19.24  0.132
  -0.50  -20.07  -33.54    -1.18  -19.91  -33.36  0.722
  27.21    9.78   15.96    27.03    9.73   15.84  0.220
   9.78    9.83   67.68     9.38    9.77   67.21  0.627
   7.39   -4.68   31.78     7.41   -4.83   31.85  0.165
  20.54  -12.59  -18.63    20.60  -12.67  -18.61  0.103
 -28.53  -31.33  -37.23   -28.46  -31.15  -37.13  0.219
  14.73   25.46    7.82    14.72   25.45    7.82  0.017
   6.99   17.85   -0.62     6.85   18.07   -0.85  0.354
  22.60  -10.91   -4.08    22.55  -10.80   -4.12  0.132
  20.00  -12.89  -17.89    20.05  -12.96  -17.88  0.083
   6.66   22.24   22.32     6.67   21.64   22.24  0.599
   5.10   -6.17   27.08     5.15   -6.55   27.15  0.392
  34.15    4.81    5.48    34.47    4.88    5.64  0.359
 -29.38  -12.56  -52.11   -29.18  -12.52  -51.58  0.568
   5.98   21.91   27.15     5.93   21.55   27.31  0.394
