400, ../OUTPUT/PA5-HighRes-F-Debug_Output.txt, 6
-66.9574, 37.4275, 92.0749, -167.604, 61.6302, 20.3176, 
  14.56   27.19   14.08    14.56   27.03   14.04  0.163
  30.66    5.44  -26.56    30.66    5.45  -26.54  0.032
  -0.23    8.41   -2.68    -0.18    8.35   -2.68  0.074
  33.55   16.97    3.70    33.57   16.99    3.71  0.029
 -30.37    8.66  -26.75   -30.38    8.76  -26.75  0.101
 -30.49    8.55  -32.27   -30.50    8.46  -32.24  0.091
 -32.36    4.53  -41.10   -32.36    4.50  -41.09  0.031
 -19.73  -30.85  -39.28   -19.68  -30.99  -39.37  0.168
 -42.56  -23.55  -34.83   -42.58  -23.56  -34.83  0.024
 -14.50   -0.69   -4.66   -14.54   -0.64   -4.63  0.065
  -3.02   -7.17   28.21    -3.09   -7.23   28.23  0.093
  11.28   26.04   18.23    11.26   26.14   18.24  0.110
  10.04   20.47   47.08    10.11   20.36   47.09  0.139
 -17.42    2.71  -14.80   -17.42    2.73  -14.79  0.024
 -32.97    4.92  -40.02   -32.98    4.99  -40.06  0.082
  -4.85   -5.45  -31.88    -4.83   -5.43  -31.91  0.035
  35.91   13.76   -0.36    35.91   13.76   -0.36  0.004
   3.84   11.72   -0.91     3.91   11.64   -0.90  0.106
 -42.67    1.06  -27.85   -42.64    1.04  -27.85  0.032
  21.03    6.16   40.20    20.88    6.17   40.17  0.155
 -36.23   -4.73  -11.47   -36.23   -4.73  -11.47  0.002
  -2.77   -5.62  -29.85    -2.62   -5.64  -29.98  0.204
  31.49   -1.35  -14.40    31.44   -1.21  -14.41  0.143
  25.42   26.56    5.98    25.31   26.39    5.96  0.206
 -11.76  -29.36  -20.53   -11.81  -29.26  -20.55  0.115
  -0.89   23.69   16.90    -0.88   23.60   16.93  0.093
  -3.30   -2.76   51.73    -3.34   -2.76   51.73  0.038
  11.58   10.67   61.97    11.56   10.70   61.91  0.069
   4.87   14.02    4.40     4.90   14.01    4.41  0.030
  19.15   -3.60  -15.40    19.18   -3.64  -15.43  0.058
  -1.72   -6.96   43.86    -1.71   -6.95   43.86  0.014
  22.52    9.05   32.57    22.54    9.05   32.57  0.011
 -18.07    1.58  -44.61   -18.08    1.58  -44.60  0.013
  -6.73    4.50   -6.88    -6.74    4.52   -6.87  0.027
 -28.73   -2.95  -12.93   -28.72   -2.96  -12.94  0.020
  -3.52   -0.24   40.42    -3.47   -0.25   40.42  0.046
  -2.58   22.33   17.28    -2.60   22.36   17.27  0.036
 -11.71    2.82  -34.95   -11.55    2.99  -34.98  0.238
  27.02   16.66   21.16    27.08   16.67   21.21  0.072
 -20.16  -11.36   -5.07   -20.18  -11.36   -5.03  0.050
 -11.70    6.47  -23.01   -11.69    6.54  -23.00  0.071
  21.55   27.66   -6.73    21.55   27.66   -6.73  0.000
  21.27  -12.14   -4.05    21.29  -12.17   -4.06  0.036
 -11.46  -15.87  -46.31   -11.43  -15.88  -46.35  0.047
 -28.85  -34.10  -22.68   -28.85  -34.08  -22.68  0.015
   0.88   10.10    8.17     0.76   10.19    8.13  0.150
  -2.90    0.78   41.68    -3.11    0.82   41.70  0.212
   1.81   14.17   10.68     1.81   14.17   10.69  0.003
 -21.52    3.17  -15.49   -21.51    3.20  -15.46  0.045
  32.24    1.95   15.06    32.22    1.89   15.02  0.070
  27.56   -0.64  -22.23    27.62   -0.47  -22.09  0.228
  27.46   -3.61    3.93    27.58   -3.77    3.92  0.194
 -33.25  -26.88  -11.15   -33.22  -26.84  -11.21  0.074
  15.21   28.16    8.03    15.21   28.10    8.02  0.060
  20.01    6.87  -22.57    20.02    6.87  -22.58  0.015
 -25.57  -33.26  -37.79   -25.58  -33.31  -37.83  0.066
  11.55   24.82   25.63    11.57   24.66   25.59  0.169
  18.32    2.47   54.51    18.48    2.36   54.52  0.193
  -8.79    1.58  -31.55    -8.77    1.62  -31.59  0.055
   8.28   -6.17   33.44     8.33   -6.23   33.45  0.076
 -13.85  -24.21  -43.86   -13.84  -24.21  -43.86  0.008
  -2.80   -2.08   62.21    -2.82   -2.06   62.26  0.054
  15.23   -1.00   57.34    15.15   -0.90   57.34  0.128
 -28.37  -10.85   -9.01   -28.37  -10.85   -9.06  0.053
 -29.85    1.79  -44.53   -29.84    1.79  -44.52  0.012
  -5.33  -21.50  -12.16    -5.39  -21.48  -12.24  0.098
  20.92   23.66  -13.50    20.89   23.64  -13.51  0.038
  -5.56   -5.92   15.21    -5.64   -5.95   15.22  0.097
 -13.06   -2.80    0.93   -12.89   -2.90    0.81  0.229
 -43.11   -4.42  -39.24   -43.04   -4.46  -39.20  0.092
  -9.76   -5.92  -44.29    -9.76   -5.93  -44.28  0.009
 -47.85  -13.33  -33.09   -47.80  -13.36  -33.09  0.067
  -3.60    7.62  -16.42    -3.62    7.70  -16.41  0.092
 -32.57   -0.48  -45.26   -32.58   -0.45  -45.31  0.063
   6.30    4.28   62.61     6.30    4.28   62.68  0.074
   2.66    8.91   63.08     2.63    8.92   63.19  0.105
 -46.51  -10.50  -18.97   -46.45  -10.50  -18.99  0.069
 -41.23  -20.25  -12.71   -41.15  -20.21  -12.76  0.096
  23.03   11.52   30.77    23.00   11.52   30.76  0.028
   4.67   15.45    6.54     4.72   15.42    6.57  0.071
  -2.76  -11.14    8.85    -2.80  -11.33    8.91  0.194
   1.48   14.68   11.29     1.51   14.67   11.31  0.040
   4.04   -5.12  -22.57     4.04   -5.11  -22.58  0.010
  25.15   -0.69   20.78    25.16   -0.69   20.82  0.047
  26.23    9.17   21.76    26.27    9.17   21.78  0.040
  22.16   20.00  -17.11    22.06   19.99  -17.11  0.096
   8.42   17.59    2.88     8.35   17.69    2.83  0.131
  22.76   22.04  -28.69    22.74   22.06  -28.71  0.034
 -13.97    6.68  -31.67   -13.86    6.66  -31.73  0.126
 -18.31  -13.72   -5.62   -18.31  -13.72   -5.62  0.002
  -3.63   -2.83   59.88    -3.63   -2.83   59.88  0.000
  -4.68    0.55   19.48    -4.72    0.55   19.49  0.049
 -21.91    3.82  -15.88   -21.94    3.70  -15.96  0.141
  23.65   27.18   -8.98    23.65   27.21   -8.98  0.027
  17.10  -13.62   -7.01    17.12  -13.70   -7.07  0.101
   9.71   -7.41  -18.11     9.66   -7.36  -18.05  0.088
   2.45    9.30   -9.00     2.44    9.35   -9.01  0.054
 -12.14  -27.63  -38.87   -12.17  -27.59  -38.84  0.058
  -7.75  -13.93  -42.60    -7.64  -13.99  -42.65  0.138
  36.52    0.89   -5.38    36.43    1.00   -5.37  0.141
  -4.32   -4.24  -30.79    -4.32   -4.24  -30.79  0.004
 -28.87   -6.07  -49.71   -28.87   -6.05  -49.74  0.030
  -0.19    8.46  -16.75    -0.20    8.50  -16.75  0.041
  11.48   26.54   10.26    11.38   26.74   10.26  0.223
 -31.41    7.23  -35.79   -31.42    7.18  -35.77  0.059
  30.23   21.98  -20.70    30.24   22.02  -20.73  0.056
  31.39   16.28   11.73    31.36   16.26   11.72  0.036
  17.84   10.81   55.18    17.78   10.77   55.17  0.065
 -35.50  -32.34  -24.39   -35.47  -32.28  -24.40  0.067
  13.85   28.04    1.87    13.75   28.05    1.81  0.124
   9.49   24.53    5.40     9.44   24.55    5.40  0.057
 -47.18  -12.48  -30.74   -47.09  -12.58  -30.76  0.146
  20.16   -4.17   15.02    20.15   -4.15   14.99  0.037
  15.04   22.44   37.59    15.07   22.28   37.57  0.166
   1.11    4.74  -21.67     1.14    4.77  -21.72  0.066
  -2.49    8.79   32.51    -2.53    8.78   32.51  0.039
 -38.96   -5.05  -45.43   -38.99   -5.03  -45.47  0.053
  15.45   14.12   56.40    15.57   14.16   56.42  0.130
   1.37  -14.41   -1.84     1.41  -14.51   -1.81  0.113
  14.14   25.62   21.05    14.15   25.65   21.06  0.024
  27.46   26.04  -11.39    27.44   25.99  -11.39  0.056
 -36.20   -3.64  -46.01   -36.16   -3.68  -45.93  0.100
  -8.79    1.01    2.39    -8.75    0.98    2.38  0.048
 -18.84   -6.92   -4.01   -18.81   -6.92   -4.07  0.074
  36.37   12.40    0.78    36.38   12.41    0.78  0.014
  34.82    5.91  -23.46    34.75    5.93  -23.40  0.093
  16.27   -0.32   56.93    16.12   -0.14   56.91  0.227
 -29.33    1.93  -44.74   -29.29    1.85  -44.63  0.135
 -41.08  -15.34   -9.39   -41.10  -15.38   -9.54  0.154
   0.68   20.63   11.82     0.73   20.62   11.92  0.119
  -7.74  -12.82    4.29    -7.76  -12.88    4.31  0.065
   6.34  -14.85    0.96     6.32  -14.91    0.95  0.065
  18.55   -0.36   32.99    18.51   -0.30   32.96  0.082
  -6.42   -5.57  -35.99    -6.47   -5.60  -35.97  0.058
   8.69   -3.43   61.94     8.71   -3.38   62.00  0.077
  12.18   16.46   61.26    12.20   16.48   61.32  0.061
   1.20  -10.09   24.38     1.21  -10.14   24.39  0.053
  12.20    2.37   59.43    12.17    2.37   59.50  0.082
 -19.45    2.77  -44.04   -19.45    2.83  -44.08  0.074
  -4.93   18.05   23.28    -4.99   18.08   23.28  0.067
  -4.44  -14.20  -31.33    -4.38  -14.14  -31.34  0.081
  14.23  -15.42   -4.14    14.23  -15.45   -4.15  0.037
 -28.60  -31.67  -16.14   -28.60  -31.61  -16.16  0.063
  22.03   -3.31   15.23    22.04   -3.51   15.27  0.208
  25.78   -5.25    9.83    25.78   -5.24    9.83  0.003
   0.05   24.98   20.71     0.12   24.80   20.71  0.189
 -30.05    2.53  -14.92   -30.06    2.54  -14.85  0.072
  28.41   -2.91    4.56    28.41   -2.91    4.56  0.002
 -39.62  -28.90  -30.97   -39.65  -28.92  -30.98  0.033
  -2.74    5.09   28.05    -2.77    5.10   28.05  0.036
  13.58   27.81    5.17    13.58   27.83    5.17  0.020
  -4.76   -1.46   20.75    -4.73   -1.46   20.74  0.040
  14.23    0.70  -20.63    14.20    0.73  -20.51  0.125
   4.06  -11.35   17.28     4.03  -11.25   17.27  0.100
  38.07    4.57   -5.06    38.02    4.59   -5.04  0.065
  33.43   -0.03   -4.73    33.42    0.01   -4.73  0.041
 -20.88  -23.50  -47.95   -20.84  -23.55  -48.04  0.107
 -14.95  -14.83  -48.23   -14.93  -14.84  -48.30  0.069
   3.91  -11.87    7.39     3.82  -12.06    7.44  0.214
  18.87    8.32   55.93    18.81    8.30   55.93  0.067
   7.60   11.40   -9.22     7.68   11.23   -9.19  0.184
  -3.55   12.08   27.80    -3.41   12.12   27.81  0.146
   3.04   10.50   -1.49     2.96   10.57   -1.50  0.106
 -14.03  -17.60  -47.13   -14.01  -17.61  -47.16  0.032
  18.83   -8.40    7.92    18.80   -8.36    7.89  0.059
  -3.15   -0.06   42.73    -3.22   -0.05   42.74  0.078
  14.92   25.51   21.07    14.92   25.51   21.07  0.004
 -17.73    3.48  -15.88   -17.73    3.48  -15.88  0.003
  -1.03  -17.59   -9.47    -0.98  -17.82   -9.40  0.247
 -40.88  -18.38  -10.59   -40.80  -18.33  -10.62  0.099
  -1.26   -1.89  -26.21    -1.24   -1.89  -26.24  0.036
  -3.21   -2.34   61.63    -3.32   -2.32   61.70  0.129
  -3.16   -8.36   23.09    -3.24   -8.42   23.11  0.103
  14.52   16.48   56.59    14.45   16.43   56.57  0.086
  -4.94    0.77  -28.18    -4.88    0.83  -28.23  0.100
  21.71   10.14   36.18    21.74   10.14   36.18  0.033
  -0.80  -17.87  -10.08    -0.78  -17.98  -10.04  0.112
   5.05   20.54    8.66     5.14   20.55    8.77  0.140
  33.24   18.14    2.02    33.18   18.09    2.02  0.081
 -27.62   -0.80  -14.19   -27.64   -0.73  -14.09  0.124
  -5.28  -21.78  -12.31    -5.34  -21.75  -12.38  0.099
  10.73  -15.61   -2.13    10.72  -15.61   -2.13  0.002
   3.51   17.35    9.79     3.58   17.39    9.86  0.110
   0.03   24.65   23.93     0.03   24.63   23.93  0.022
  -1.30   -4.13   62.83    -1.31   -4.14   62.90  0.076
  -2.18   -8.15   28.64    -2.22   -8.18   28.64  0.050
  22.91   -4.06   16.12    22.94   -4.02   16.10  0.048
   3.22   22.14   31.00     3.21   22.29   31.07  0.167
 -31.58    0.83  -44.79   -31.58    0.83  -44.78  0.012
 -40.66  -20.29  -44.13   -40.55  -20.18  -44.01  0.196
 -44.18   -2.96  -31.56   -44.08   -2.99  -31.54  0.114
   9.52   -6.97   26.87     9.41   -6.85   26.82  0.167
 -42.83  -18.69  -14.48   -42.86  -18.70  -14.46  0.045
 -16.72    6.90  -37.78   -16.77    6.87  -37.74  0.076
  25.25    0.80   20.82    25.20    0.83   20.76  0.089
  -0.53  -11.83    8.36    -0.53  -11.82    8.36  0.007
 -14.23   -6.97    0.53   -14.20   -6.97    0.51  0.033
 -11.03   -2.54    3.62   -10.96   -2.58    3.59  0.091
  28.67   24.94  -11.68    28.83   25.09  -11.64  0.220
  12.70    9.30   61.57    12.66    9.22   61.75  0.207
 -45.77  -19.08  -28.25   -45.65  -19.05  -28.25  0.118
  -3.34   -5.30   54.44    -3.16   -5.20   54.46  0.204
 -32.88    7.04  -35.13   -32.83    6.92  -35.09  0.137
   0.10   -7.94   52.58     0.08   -8.22   52.56  0.276
  -6.72  -10.46  -37.85    -6.71  -10.46  -37.85  0.014
   8.83   -5.49   36.12     8.81   -5.46   36.11  0.036
  -4.43  -23.50  -15.98    -4.42  -23.52  -15.97  0.019
 -17.99    3.61  -15.75   -17.99    3.47  -15.88  0.191
  24.59    8.32   26.10    24.45    8.33   26.05  0.143
  14.67    9.79   62.02    14.68    9.78   62.06  0.043
 -34.61  -31.02  -19.30   -34.54  -30.88  -19.36  0.166
 -32.92  -31.34  -18.64   -32.91  -31.33  -18.65  0.019
 -10.25  -21.08   -9.91   -10.25  -21.07   -9.97  0.058
  -1.69   -3.28  -27.80    -1.71   -3.29  -27.78  0.032
  -6.60  -23.63  -13.84    -6.58  -23.69  -13.81  0.072
  19.14   -4.18   15.17    19.17   -4.22   15.26  0.099
  10.83   -3.96   42.31    10.87   -4.00   42.32  0.055
  26.68   23.03  -23.13    26.69   23.04  -23.13  0.010
  -2.54    3.78   34.74    -2.70    3.80   34.74  0.161
  16.18   -3.87  -17.87    16.14   -3.79  -17.76  0.142
 -29.01  -18.36  -50.86   -28.99  -18.35  -50.78  0.077
  12.98   15.87   60.98    13.03   15.89   61.07  0.103
  22.95   11.15  -25.41    22.99   11.21  -25.33  0.112
  19.66   19.48   48.11    19.75   19.47   48.13  0.096
  -3.32    1.11   31.85    -3.44    1.14   31.85  0.119
   0.99  -10.77   20.31     0.99  -10.75   20.31  0.021
 -44.40   -2.64  -29.56   -44.31   -2.66  -29.54  0.093
 -24.00    9.56  -30.36   -24.02    9.66  -30.38  0.098
  11.30   19.78    1.08    11.15   19.90    1.03  0.201
  -1.18  -18.61  -25.11    -1.12  -18.63  -25.13  0.069
 -19.97   -5.43   -5.52   -19.95   -5.45   -5.53  0.031
  -2.17   -2.08   62.38    -2.27   -2.03   62.56  0.207
  28.85    3.01  -24.87    28.88    2.95  -24.83  0.071
 -14.34    4.69  -37.27   -14.35    4.69  -37.26  0.005
   7.65  -14.90    4.68     7.61  -14.70    4.65  0.212
  11.42   -3.83   55.30    11.36   -3.74   55.30  0.114
  33.13    0.68   11.18    33.20    0.64   11.20  0.080
  -1.21  -17.24   -7.50    -1.22  -17.20   -7.52  0.048
  22.22   24.37  -25.32    22.24   24.34  -25.31  0.039
 -16.22   -3.27   -3.24   -16.26   -3.23   -3.22  0.059
  22.85   17.05  -28.52    22.84   17.16  -28.42  0.152
  -1.55  -10.56   14.32    -1.56  -10.62   14.32  0.059
  -3.18   15.01   29.44    -3.39   14.95   29.52  0.240
 -19.66  -30.75  -18.28   -19.67  -30.73  -18.30  0.026
  25.87   18.27  -25.57    25.92   18.28  -25.61  0.060
  -3.96   -3.06   39.15    -3.94   -3.06   39.15  0.017
  36.50    4.47    8.70    36.55    4.46    8.71  0.045
 -42.74  -22.99  -35.18   -42.79  -23.02  -35.20  0.054
 -41.92   -9.93  -10.26   -41.92   -9.93  -10.27  0.005
   2.28  -10.20  -22.83     2.28  -10.20  -22.83  0.003
  -2.44    2.86   55.54    -2.41    2.86   55.54  0.027
  36.37   12.82   -6.50    36.27   12.80   -6.50  0.103
  30.35    7.15   15.30    30.31    7.15   15.27  0.048
  35.90   13.68    5.94    35.86   13.65    5.93  0.050
  -8.57  -20.15  -10.34    -8.58  -20.08  -10.26  0.111
  26.00   12.87   23.11    25.86   12.87   23.04  0.152
  29.77   22.80    6.82    29.71   22.76    6.80  0.081
  12.35   22.30   34.47    12.34   22.34   34.48  0.042
  22.23   -0.27   23.65    22.19   -0.22   23.62  0.067
   1.82   16.76   36.24     1.69   16.83   36.31  0.159
   9.76    6.89   60.85     9.71    6.92   60.82  0.071
  -3.14    0.41   43.97    -3.04    0.41   43.99  0.100
 -14.01  -24.26  -43.98   -14.02  -24.26  -43.98  0.004
  36.55    9.60   -9.46    36.52    9.60   -9.45  0.034
  10.99   24.66    2.63    10.99   24.66    2.63  0.005
 -13.00    3.95  -36.53   -13.01    3.94  -36.52  0.012
  15.31   21.55   49.60    15.36   21.65   49.62  0.108
  20.92   14.54  -20.04    20.84   14.57  -20.05  0.083
  21.94   14.45  -25.26    21.83   14.45  -25.29  0.114
 -16.57  -28.21  -16.66   -16.54  -28.27  -16.62  0.074
  21.26   12.36  -24.41    21.26   12.36  -24.41  0.003
  24.14   22.33  -26.77    24.20   22.35  -26.83  0.083
 -46.34   -7.33  -23.20   -46.28   -7.36  -23.21  0.072
 -44.72  -15.25  -15.73   -44.63  -15.23  -15.77  0.104
  -0.81   -7.74   61.40    -0.85   -7.87   61.45  0.144
  27.22   19.32   20.03    27.20   19.31   20.02  0.034
 -12.73    5.09  -17.81   -12.76    5.15  -17.79  0.070
 -11.71  -29.64  -33.04   -11.69  -29.68  -33.04  0.042
 -39.25  -10.76  -10.20   -39.25  -10.76  -10.20  0.005
  22.06   19.34  -16.99    22.01   19.35  -17.00  0.058
  21.95   20.98   37.29    21.77   20.91   37.28  0.192
 -29.37  -33.84  -34.67   -29.38  -33.87  -34.68  0.039
  34.08    0.05   -2.22    34.08    0.06   -2.22  0.009
  -9.66    0.68  -33.77    -9.66    0.68  -33.77  0.008
   2.57   -0.12   63.94     2.55   -0.12   63.99  0.054
  30.70   23.02   -6.10    30.70   23.02   -6.10  0.005
 -29.22  -34.55  -24.91   -29.21  -34.48  -24.92  0.067
  32.50   16.85  -22.63    32.42   16.84  -22.55  0.121
   4.02   16.41   40.77     3.79   16.55   40.86  0.281
  -9.13  -16.20   -4.23    -9.13  -16.21   -4.22  0.012
  19.57    3.79   47.10    19.67    3.75   47.11  0.109
   3.35   12.06    2.92     3.41   12.01    2.93  0.084
  14.51   24.08   -3.07    14.44   24.08   -3.12  0.085
  20.50   13.78   42.60    20.43   13.77   42.58  0.071
 -21.47  -27.73  -13.48   -21.46  -27.76  -13.45  0.041
 -41.02  -27.93  -25.96   -41.09  -27.98  -25.97  0.085
  34.63    5.44  -23.38    34.63    5.44  -23.38  0.003
  -4.31  -12.55  -31.32    -4.24  -12.58  -31.36  0.088
 -42.42   -9.03  -10.78   -42.42   -9.03  -10.78  0.003
 -12.39    0.13   -2.74   -12.46    0.20   -2.70  0.111
  25.89   26.45  -15.66    25.91   26.48  -15.66  0.036
   1.40   -8.36   54.78     1.39   -8.34   54.77  0.024
 -33.01  -34.09  -28.50   -32.96  -33.97  -28.51  0.136
  23.02   23.87  -27.10    23.02   23.87  -27.10  0.001
 -15.56    4.84  -38.24   -15.59    4.82  -38.21  0.045
  37.53    4.66    3.68    37.56    4.67    3.70  0.034
  21.58   26.13  -11.89    21.47   26.25  -11.91  0.165
   1.36   -3.59  -24.94     1.38   -3.56  -25.00  0.068
   3.31   13.47   46.82     3.35   13.43   46.82  0.052
 -34.26  -29.76  -39.40   -34.23  -29.70  -39.35  0.081
  27.16    0.60   19.74    27.15    0.58   19.72  0.026
  18.44   26.08   -8.00    18.40   26.09   -8.02  0.044
 -13.55  -20.18  -46.19   -13.53  -20.20  -46.17  0.031
 -43.00  -24.50  -30.89   -42.91  -24.45  -30.87  0.105
   1.54  -14.38  -22.28     1.52  -14.36  -22.28  0.025
  -1.06  -14.18  -27.53    -1.02  -14.16  -27.57  0.060
   3.15    6.73  -18.79     3.20    6.81  -18.90  0.141
 -13.26  -27.34  -40.25   -13.27  -27.32  -40.24  0.018
  15.22   22.65   -3.69    15.23   22.65   -3.69  0.008
   1.04   14.89   11.58     1.29   14.85   11.73  0.297
  36.20   13.38  -11.86    36.27   13.39  -11.85  0.069
  19.31   -2.34   21.91    19.25   -2.19   21.86  0.174
   5.15   21.40   35.19     5.18   21.33   35.18  0.072
 -10.30    2.98  -31.21   -10.24    3.06  -31.25  0.102
 -38.44  -19.91   -9.82   -38.42  -19.96   -9.75  0.090
  11.92   23.47   30.96    11.93   23.43   30.94  0.052
   1.88  -15.99   -9.70     1.89  -16.01   -9.70  0.025
 -26.63   -9.91  -51.45   -26.62   -9.92  -51.43  0.025
  13.19   22.81   -1.21    13.24   22.81   -1.17  0.062
   1.63   23.14   29.64     1.62   23.12   29.62  0.022
 -36.95  -23.32  -11.36   -36.92  -23.30  -11.42  0.079
  16.59   14.97   52.92    16.44   15.06   52.82  0.197
  16.70    0.44   57.25    16.74    0.39   57.25  0.067
  26.28   -5.11    9.03    26.18   -5.00    9.02  0.149
 -37.53  -29.96  -21.20   -37.50  -29.91  -21.22  0.069
  23.07    0.19   22.98    23.13    0.12   23.03  0.103
  -8.69  -27.30  -33.95    -8.65  -27.36  -33.97  0.079
 -41.06  -27.20  -33.00   -40.99  -27.16  -32.99  0.083
 -28.35  -23.26  -48.95   -28.36  -23.20  -48.85  0.119
  29.18   23.33  -18.71    29.19   23.37  -18.73  0.043
 -11.50  -29.16  -22.12   -11.39  -29.37  -22.08  0.240
 -12.38    4.61  -15.96   -12.37    4.57  -15.97  0.040
  -2.39   -0.97  -27.04    -2.31   -0.97  -27.12  0.119
   4.72   -8.80   28.29     4.71   -8.75   28.28  0.052
  -4.39   18.66   18.14    -4.21   18.57   18.20  0.206
  36.48   12.13   -0.32    36.48   12.13   -0.32  0.004
  22.74  -10.38   -4.28    22.70  -10.35   -4.26  0.048
 -15.25  -31.69  -27.02   -15.20  -31.83  -27.01  0.144
  19.42   23.64   28.27    19.40   23.48   28.25  0.172
  10.82   -3.98  -19.49    10.82   -3.96  -19.46  0.033
  22.22   19.09  -27.78    22.22   19.09  -27.78  0.008
  24.20   -6.79    2.33    24.25   -6.81    2.33  0.061
  30.56   23.63  -15.49    30.61   23.69  -15.50  0.075
 -41.23  -13.03  -10.05   -41.23  -13.02  -10.00  0.044
  20.70    7.79   41.77    20.70    7.79   41.77  0.006
  30.62   22.13    1.17    30.66   22.15    1.17  0.041
  20.20   24.57   22.91    20.20   24.56   22.91  0.007
  21.04   28.08    2.17    21.06   28.15    2.18  0.074
   9.21  -11.48   10.98     9.21  -11.49   10.98  0.009
  -1.79   -6.70   44.06    -1.87   -6.76   44.06  0.102
  14.53   -8.79  -14.62    14.52   -8.78  -14.61  0.019
 -18.62    7.86  -24.99   -18.59    7.93  -24.93  0.096
 -33.95  -16.75  -49.84   -33.95  -16.76  -49.82  0.025
  15.34   23.37   29.17    15.36   23.47   29.20  0.097
  23.22   -8.63    3.51    23.22   -8.59    3.49  0.045
   5.22   14.43   50.81     5.12   14.55   50.82  0.150
  20.52   15.99  -13.92    20.57   15.96  -13.89  0.063
  -5.27    5.48   -7.71    -5.33    5.56   -7.69  0.106
  17.47   -6.21   13.17    17.51   -6.28   13.20  0.091
  -4.61    4.16    7.44    -4.73    4.29    7.47  0.170
  36.33    9.82  -11.18    36.27    9.82  -11.17  0.060
 -19.87  -31.06  -18.29   -19.90  -31.01  -18.36  0.092
  -9.13   -3.76    8.07    -9.18   -3.73    8.10  0.067
  36.70    8.21   -9.38    36.54    8.21   -9.36  0.158
  25.32   17.07  -26.78    25.27   17.06  -26.74  0.068
  -4.08  -22.51  -14.53    -4.06  -22.52  -14.52  0.019
 -24.48    8.79  -33.80   -24.50    8.91  -33.84  0.132
  22.92   17.49  -28.60    22.85   17.49  -28.59  0.067
  28.62   24.36   -1.70    28.67   24.42   -1.71  0.083
  23.33   -8.54    3.43    23.34   -8.59    3.45  0.051
  19.78  -12.36    1.06    19.85  -12.41    1.11  0.107
 -11.77  -24.12  -41.93   -11.65  -24.24  -42.06  0.209
  -3.91   -0.56   26.55    -3.95   -0.55   26.55  0.043
 -36.70  -27.83  -16.49   -36.69  -27.80  -16.50  0.034
  34.53   16.19    0.06    34.47   16.15    0.07  0.075
  32.80   17.83    4.69    32.80   17.83    4.69  0.004
  17.94    1.38   56.27    17.79    1.47   56.26  0.181
 -41.33  -17.63  -10.72   -41.25  -17.59  -10.75  0.093
 -25.65  -14.58  -50.78   -25.69  -14.60  -50.70  0.090
 -20.42    1.38  -45.53   -20.42    1.37  -45.51  0.024
  -0.33   -6.30   62.84    -0.32   -6.31   62.89  0.061
   1.57   -8.98   28.81     1.73   -9.36   28.84  0.418
  10.54  -15.44   -2.37    10.58  -15.38   -2.33  0.087
 -10.05    2.48  -31.72   -10.03    2.49  -31.74  0.026
  22.38   22.88   31.05    22.34   22.62   31.02  0.262
 -24.94    9.27  -23.99   -24.92    9.19  -24.00  0.088
   7.88   -4.24   62.34     8.01   -4.32   62.50  0.225
 -16.77    6.97  -37.75   -16.81    6.94  -37.72  0.058
  16.92   13.74  -11.64    16.88   13.82  -11.69  0.099
 -32.89    6.35  -37.45   -32.85    6.21  -37.38  0.158
