27, 8, ../OUTPUT/PA1 Student Answer/pa1-unknown-k-output.txt
214.305, 206.526, 195.537
424.878, 394.224, 211.547
208.204, 211.815, 211.862
210.173, 210.065, 336.835
212.143, 208.314, 461.807
208.228, 336.803, 213.613
210.197, 335.052, 338.585
212.166, 333.302, 463.557
208.251, 461.791, 215.364
210.221, 460.04, 340.336
212.19, 458.289, 465.308
333.189, 211.819, 209.893
335.158, 210.069, 334.865
337.127, 208.318, 459.838
333.212, 336.807, 211.644
335.182, 335.056, 336.616
337.151, 333.306, 461.588
333.236, 461.795, 213.394
335.205, 460.044, 338.366
337.174, 458.293, 463.339
458.173, 211.823, 207.924
460.142, 210.073, 332.896
462.112, 208.322, 457.868
458.197, 336.811, 209.674
460.166, 335.06, 334.647
462.135, 333.31, 459.619
458.22, 461.799, 211.425
460.19, 460.048, 336.397
462.159, 458.297, 461.369
208.376, 211.344, 450.294
210.59, 213.587, 575.255
212.804, 215.829, 700.215
205.015, 336.28, 448.112
207.229, 338.522, 573.072
209.443, 340.765, 698.032
201.654, 461.216, 445.929
203.868, 463.458, 570.89
206.082, 465.7, 695.85
333.311, 214.665, 448.021
335.525, 216.908, 572.982
337.739, 219.15, 697.942
329.95, 339.601, 445.839
332.164, 341.844, 570.799
334.378, 344.086, 695.759
326.589, 464.537, 443.656
328.803, 466.779, 568.617
331.017, 469.022, 693.577
458.246, 217.987, 445.748
460.46, 220.229, 570.709
462.674, 222.472, 695.669
454.885, 342.922, 443.566
457.099, 345.165, 568.526
459.313, 347.407, 693.487
451.524, 467.858, 441.384
453.738, 470.101, 566.344
455.952, 472.343, 691.304
208.6, 449.528, 211.008
208.19, 450.633, 336.003
207.78, 451.738, 460.997
210.583, 574.507, 209.91
210.173, 575.612, 334.904
209.763, 576.718, 459.898
212.566, 699.486, 208.811
212.156, 700.592, 333.805
211.746, 701.697, 458.8
333.584, 447.548, 211.436
333.174, 448.654, 336.43
332.764, 449.759, 461.425
335.567, 572.528, 210.337
335.157, 573.633, 335.332
334.747, 574.738, 460.326
337.55, 697.507, 209.239
337.14, 698.612, 334.233
336.73, 699.718, 459.227
458.567, 445.569, 211.863
458.157, 446.674, 336.858
457.747, 447.78, 461.852
460.55, 570.549, 210.765
460.14, 571.654, 335.759
459.73, 572.759, 460.754
462.533, 695.528, 209.666
462.123, 696.633, 334.66
461.713, 697.739, 459.655
211.975, 448.702, 450.384
211.948, 451.168, 575.36
211.921, 453.634, 700.336
212.367, 573.677, 447.918
212.341, 576.143, 572.894
212.314, 578.609, 697.869
212.76, 698.652, 445.452
212.733, 701.118, 570.427
212.706, 703.584, 695.403
336.974, 448.31, 450.419
336.948, 450.776, 575.394
336.921, 453.243, 700.37
337.367, 573.285, 447.953
337.34, 575.751, 572.928
337.313, 578.218, 697.904
337.759, 698.26, 445.486
337.732, 700.726, 570.462
337.706, 703.193, 695.438
461.974, 447.918, 450.453
461.947, 450.385, 575.429
461.92, 452.851, 700.405
462.366, 572.893, 447.987
462.339, 575.36, 572.963
462.313, 577.826, 697.938
462.759, 697.868, 445.521
462.732, 700.335, 570.497
462.705, 702.801, 695.472
449.834, 210.709, 211.206
450.055, 213.806, 336.168
450.277, 216.903, 461.129
452.97, 335.631, 208.105
453.192, 338.728, 333.066
453.413, 341.825, 458.027
456.107, 460.554, 205.003
456.329, 463.651, 329.964
456.55, 466.747, 454.926
574.794, 207.568, 211.063
575.016, 210.665, 336.024
575.237, 213.762, 460.986
577.931, 332.49, 207.961
578.152, 335.587, 332.922
578.374, 338.684, 457.884
581.068, 457.412, 204.859
581.289, 460.509, 329.821
581.511, 463.606, 454.782
699.755, 204.427, 210.919
699.976, 207.524, 335.881
700.197, 210.621, 460.842
702.891, 329.349, 207.818
703.113, 332.446, 332.779
703.334, 335.543, 457.74
706.028, 454.271, 204.716
706.249, 457.368, 329.678
706.471, 460.465, 454.639
450.866, 211.899, 449.919
452.408, 210.817, 574.905
453.951, 209.735, 699.891
449.64, 336.888, 451.016
451.182, 335.806, 576.002
452.724, 334.724, 700.988
448.413, 461.877, 452.113
449.956, 460.795, 577.099
451.498, 459.713, 702.085
575.851, 213.138, 448.388
577.393, 212.056, 573.374
578.935, 210.974, 698.359
574.624, 338.128, 449.485
576.166, 337.046, 574.471
577.709, 335.964, 699.456
573.398, 463.117, 450.582
574.94, 462.035, 575.568
576.482, 460.953, 700.553
700.835, 214.378, 446.856
702.377, 213.296, 571.842
703.919, 212.214, 696.828
699.609, 339.367, 447.953
701.151, 338.285, 572.939
702.693, 337.203, 697.925
698.382, 464.356, 449.051
699.924, 463.274, 574.036
701.467, 462.193, 699.022
448.863, 450.26, 210.027
447.155, 449.52, 335.013
445.446, 448.779, 459.999
446.578, 575.237, 210.737
444.87, 574.497, 335.723
443.162, 573.756, 460.709
444.293, 700.215, 211.446
442.585, 699.474, 336.432
440.877, 698.733, 461.419
573.831, 452.535, 211.749
572.122, 451.794, 336.735
570.414, 451.054, 461.721
571.546, 577.513, 212.458
569.837, 576.772, 337.445
568.129, 576.031, 462.431
569.261, 702.49, 213.168
567.552, 701.749, 338.154
565.844, 701.008, 463.14
698.798, 454.81, 213.47
697.09, 454.069, 338.456
695.381, 453.329, 463.443
696.513, 579.787, 214.18
694.805, 579.047, 339.166
693.096, 578.306, 464.152
694.228, 704.765, 214.89
692.52, 704.024, 339.876
690.811, 703.283, 464.862
450.032, 451.413, 449.312
446.329, 450.655, 574.255
442.626, 449.897, 699.198
449.204, 576.408, 450.046
445.501, 575.65, 574.988
441.798, 574.892, 699.931
448.375, 701.403, 450.779
444.672, 700.645, 575.722
440.969, 699.887, 700.665
574.975, 452.22, 453.02
571.272, 451.462, 577.962
567.569, 450.704, 702.905
574.146, 577.215, 453.753
570.443, 576.457, 578.696
566.74, 575.699, 703.639
573.317, 702.21, 454.487
569.615, 701.452, 579.43
565.912, 700.694, 704.373
699.917, 453.026, 456.727
696.214, 452.268, 581.67
692.511, 451.51, 706.613
699.088, 578.021, 457.461
695.385, 577.263, 582.404
691.682, 576.505, 707.347
698.26, 703.016, 458.195
694.557, 702.258, 583.138
690.854, 701.5, 708.081
