27, 8, ../OUTPUT/PA1 Student Answer/pa1-unknown-j-output.txt
200.29, 214.938, 205.775
388.386, 393.479, 203.592
208.96, 211.603, 210.826
208.341, 214.186, 335.798
207.721, 216.769, 460.77
210.861, 336.562, 208.253
210.241, 339.145, 333.225
209.621, 341.728, 458.197
212.761, 461.521, 205.68
212.141, 464.104, 330.652
211.522, 466.687, 455.623
333.944, 209.715, 211.485
333.325, 212.298, 336.457
332.705, 214.881, 461.429
335.845, 334.674, 208.912
335.225, 337.257, 333.884
334.605, 339.84, 458.856
337.745, 459.634, 206.339
337.125, 462.216, 331.311
336.506, 464.799, 456.282
458.929, 207.828, 212.144
458.309, 210.411, 337.116
457.689, 212.994, 462.088
460.829, 332.787, 209.571
460.209, 335.37, 334.543
459.589, 337.953, 459.515
462.729, 457.746, 206.998
462.109, 460.329, 331.969
461.49, 462.912, 456.941
210.937, 211.382, 450.5
209.568, 215.061, 575.438
208.199, 218.739, 700.376
208.163, 336.296, 446.792
206.795, 339.975, 571.73
205.426, 343.653, 696.668
205.39, 461.211, 443.084
204.021, 464.889, 568.022
202.652, 468.567, 692.96
335.899, 214.195, 451.786
334.53, 217.873, 576.724
333.161, 221.552, 701.662
333.125, 339.109, 448.078
331.756, 342.787, 573.016
330.387, 346.466, 697.955
330.352, 464.023, 444.37
328.983, 467.702, 569.308
327.614, 471.38, 694.247
460.86, 217.008, 453.072
459.491, 220.686, 578.01
458.123, 224.364, 702.949
458.087, 341.922, 449.364
456.718, 345.6, 574.302
455.349, 349.279, 699.241
455.313, 466.836, 445.656
453.944, 470.514, 570.594
452.576, 474.193, 695.533
208.791, 450.529, 210.177
211.35, 451.971, 335.143
213.908, 453.413, 460.109
205.94, 575.489, 208.794
208.499, 576.931, 333.759
211.057, 578.373, 458.725
203.09, 700.448, 207.41
205.648, 701.891, 332.375
208.206, 703.333, 457.341
333.733, 453.35, 207.587
336.291, 454.793, 332.553
338.849, 456.235, 457.518
330.882, 578.31, 206.203
333.44, 579.753, 331.169
335.998, 581.195, 456.134
328.031, 703.27, 204.819
330.589, 704.712, 329.785
333.148, 706.155, 454.75
458.674, 456.172, 204.997
461.232, 457.614, 329.962
463.791, 459.057, 454.928
455.823, 581.132, 203.613
458.381, 582.574, 328.578
460.94, 584.016, 453.544
452.972, 706.092, 202.229
455.531, 707.534, 327.194
458.089, 708.976, 452.16
211.811, 448.346, 448.222
213.793, 444.604, 573.151
215.774, 440.862, 698.079
214.804, 573.256, 451.916
216.785, 569.514, 576.845
218.767, 565.771, 701.773
217.796, 698.165, 455.61
219.778, 694.423, 580.539
221.759, 690.681, 705.467
336.76, 445.414, 446.153
338.741, 441.672, 571.081
340.723, 437.93, 696.009
339.752, 570.323, 449.847
341.734, 566.581, 574.775
343.715, 562.839, 699.703
342.745, 695.233, 453.541
344.726, 691.491, 578.469
346.708, 687.749, 703.397
461.708, 442.481, 444.083
463.69, 438.739, 569.011
465.671, 434.997, 693.939
464.701, 567.391, 447.777
466.682, 563.649, 572.705
468.664, 559.907, 697.634
467.693, 692.301, 451.471
469.675, 688.558, 576.399
471.656, 684.816, 701.328
450.131, 208.319, 211.078
448.817, 211.958, 336.018
447.503, 215.597, 460.958
450.764, 333.264, 207.445
449.45, 336.903, 332.385
448.136, 340.542, 457.326
451.397, 458.21, 203.813
450.083, 461.849, 328.753
448.769, 465.488, 453.693
575.122, 207.724, 212.41
573.808, 211.363, 337.35
572.494, 215.002, 462.29
575.755, 332.67, 208.777
574.441, 336.309, 333.718
573.127, 339.948, 458.658
576.388, 457.615, 205.145
575.074, 461.254, 330.085
573.76, 464.893, 455.025
700.114, 207.13, 213.742
698.8, 210.769, 338.682
697.486, 214.408, 463.622
700.747, 332.075, 210.109
699.433, 335.714, 335.05
698.119, 339.353, 459.99
701.38, 457.021, 206.477
700.066, 460.66, 331.417
698.752, 464.299, 456.357
450.588, 208.069, 449.17
453.836, 211.102, 574.091
457.085, 214.134, 699.012
451.249, 333.03, 446.119
454.498, 336.063, 571.04
457.746, 339.095, 695.961
451.91, 457.991, 443.068
455.159, 461.024, 567.989
458.407, 464.056, 692.91
575.544, 207.329, 445.939
578.793, 210.361, 570.86
582.041, 213.394, 695.781
576.205, 332.29, 442.888
579.454, 335.323, 567.809
582.702, 338.355, 692.73
576.866, 457.251, 439.837
580.115, 460.284, 564.758
583.363, 463.316, 689.679
700.5, 206.589, 442.707
703.749, 209.621, 567.628
706.997, 212.654, 692.549
701.161, 331.55, 439.656
704.41, 334.582, 564.577
707.658, 337.615, 689.498
701.823, 456.511, 436.605
705.071, 459.543, 561.526
708.32, 462.576, 686.447
448.55, 449.895, 209.11
450.009, 446.521, 334.056
451.468, 443.148, 459.002
446.236, 574.827, 212.51
447.695, 571.454, 337.456
449.154, 568.08, 462.402
443.922, 699.76, 215.91
445.381, 696.386, 340.856
446.84, 693.013, 465.802
573.52, 452.248, 207.714
574.979, 448.874, 332.66
576.438, 445.5, 457.606
571.206, 577.18, 211.114
572.665, 573.806, 336.06
574.124, 570.433, 461.006
568.892, 702.112, 214.514
570.351, 698.739, 339.46
571.81, 695.365, 464.406
698.49, 454.6, 206.318
699.949, 451.226, 331.264
701.408, 447.853, 456.21
696.176, 579.532, 209.718
697.635, 576.159, 334.664
699.094, 572.785, 459.61
693.862, 704.465, 213.118
695.321, 701.091, 338.064
696.78, 697.718, 463.01
451.916, 448.157, 448.887
452.527, 446.391, 573.873
453.139, 444.624, 698.859
453.904, 573.129, 450.644
454.516, 571.362, 575.63
455.128, 569.596, 700.616
455.893, 698.1, 452.4
456.505, 696.334, 577.386
457.117, 694.568, 702.372
576.898, 446.177, 448.248
577.51, 444.411, 573.234
578.122, 442.644, 698.22
578.887, 571.149, 450.004
579.499, 569.382, 574.99
580.11, 567.616, 699.976
580.876, 696.12, 451.76
581.488, 694.354, 576.746
582.099, 692.588, 701.732
701.881, 444.197, 447.608
702.493, 442.431, 572.594
703.104, 440.664, 697.58
703.87, 569.169, 449.364
704.481, 567.402, 574.35
705.093, 565.636, 699.336
705.859, 694.141, 451.121
706.47, 692.374, 576.107
707.082, 690.608, 701.093
