400 PA5-F-Debug-Output.txt 6
  -67.4823   36.9437   94.4734 -167.8046   61.0045   19.0321
   14.48    27.21    14.18        14.48    27.03    14.14     0.178
   30.72     5.52   -26.46        30.72     5.49   -26.51     0.051
   -0.24     8.42    -2.61        -0.18     8.34    -2.62     0.103
   33.47    17.03     3.81        33.50    17.05     3.82     0.044
  -30.33     8.65   -26.74       -30.34     8.76   -26.74     0.114
  -30.53     8.51   -32.24       -30.54     8.47   -32.23     0.040
  -32.37     4.47   -41.10       -32.37     4.49   -41.12     0.022
  -19.60   -30.89   -39.32       -19.57   -30.96   -39.37     0.091
  -42.53   -23.62   -34.87       -42.58   -23.64   -34.88     0.057
  -14.53    -0.70    -4.63       -14.56    -0.67    -4.61     0.053
   -3.09    -7.19    28.25        -3.10    -7.20    28.25     0.015
   11.25    26.05    18.33        11.23    26.14    18.34     0.090
    9.95    20.35    47.17        10.01    20.26    47.18     0.108
  -17.39     2.71   -14.77       -17.39     2.71   -14.77     0.003
  -32.87     4.97   -40.00       -32.88     5.03   -40.03     0.060
   -4.90    -5.41   -31.85        -4.89    -5.40   -31.87     0.025
   35.87    13.83    -0.24        35.88    13.84    -0.24     0.014
    3.78    11.77    -0.84         3.91    11.64    -0.82     0.191
  -42.65     1.07   -27.86       -42.66     1.07   -27.86     0.013
   20.90     6.19    40.28        20.91     6.19    40.29     0.012
  -36.20    -4.82   -11.47       -36.21    -4.78   -11.42     0.064
   -2.72    -5.61   -29.81        -2.59    -5.63   -29.92     0.169
   31.49    -1.27   -14.31        31.45    -1.18   -14.31     0.093
   25.33    26.58     6.09        25.25    26.45     6.08     0.154
  -11.73   -29.34   -20.53       -11.78   -29.24   -20.55     0.112
   -0.98    23.65    16.98        -0.99    23.72    16.96     0.077
   -3.38    -2.83    51.77        -3.38    -2.83    51.77     0.005
   11.48    10.65    62.04        11.46    10.70    61.96     0.097
    4.81    13.99     4.48         4.86    13.97     4.50     0.053
   19.28    -3.57   -15.33        19.26    -3.56   -15.31     0.024
   -1.81    -7.00    43.90        -1.73    -6.93    43.90     0.106
   22.49     9.09    32.66        22.55     9.09    32.67     0.059
  -18.06     1.59   -44.59       -18.09     1.57   -44.57     0.039
   -6.82     4.51    -6.83        -6.80     4.47    -6.84     0.039
  -28.73    -2.98   -12.92       -28.73    -2.98   -12.92     0.004
   -3.60    -0.40    40.46        -3.53    -0.42    40.45     0.077
   -2.65    22.28    17.36        -2.75    22.41    17.31     0.175
  -11.66     2.87   -34.91       -11.56     2.98   -34.93     0.154
   26.94    16.68    21.28        27.01    16.69    21.33     0.083
  -20.17   -11.37    -5.07       -20.19   -11.37    -5.02     0.054
  -11.74     6.47   -22.97       -11.73     6.54   -22.96     0.073
   21.52    27.69    -6.61        21.51    27.67    -6.61     0.021
   21.26   -12.08    -3.99        21.31   -12.13    -3.99     0.072
  -11.34   -15.82   -46.29       -11.36   -15.81   -46.27     0.030
  -28.78   -34.08   -22.71       -28.78   -34.11   -22.70     0.035
    0.78    10.10     8.23         0.70    10.17     8.20     0.107
   -3.05     0.71    41.72        -3.14     0.74    41.73     0.093
    1.78    14.12    10.75         1.73    14.13    10.72     0.062
  -21.57     3.13   -15.47       -21.56     3.16   -15.45     0.034
   32.22     1.94    15.15        32.21     1.90    15.12     0.055
   27.57    -0.51   -22.13        27.60    -0.44   -22.07     0.094
   27.51    -3.59     4.01        27.62    -3.73     4.00     0.181
  -33.18   -26.95   -11.19       -33.16   -26.94   -11.21     0.030
   15.16    28.20     8.13        15.15    28.12     8.13     0.082
   20.05     6.92   -22.49        20.07     6.90   -22.52     0.036
  -25.47   -33.28   -37.84       -25.48   -33.34   -37.87     0.070
   11.49    24.76    25.73        11.50    24.64    25.69     0.130
   18.32     2.42    54.60        18.50     2.29    54.61     0.223
   -8.70     1.58   -31.51        -8.71     1.57   -31.51     0.009
    8.24    -6.22    33.49         8.30    -6.29    33.50     0.088
  -13.80   -24.15   -43.86       -13.80   -24.16   -43.87     0.012
   -2.86    -2.16    62.26        -2.86    -2.17    62.25     0.007
   15.10    -1.06    57.41        15.07    -1.03    57.41     0.039
  -28.33   -10.87    -9.01       -28.32   -10.87    -9.05     0.043
  -29.84     1.78   -44.52       -29.84     1.79   -44.53     0.017
   -5.31   -21.50   -12.15        -5.34   -21.48   -12.20     0.063
   20.93    23.72   -13.38        20.87    23.69   -13.40     0.068
   -5.53    -5.96    15.24        -5.61    -5.99    15.26     0.086
  -13.03    -2.84     0.96       -12.87    -2.92     0.86     0.199
  -43.05    -4.42   -39.25       -43.05    -4.42   -39.25     0.002
   -9.72    -5.90   -44.26        -9.72    -5.93   -44.21     0.049
  -47.86   -13.42   -33.13       -47.88   -13.41   -33.13     0.030
   -3.54     7.66   -16.36        -3.56     7.72   -16.36     0.061
  -32.49    -0.47   -45.25       -32.51    -0.42   -45.33     0.102
    6.23     4.19    62.66         6.23     4.19    62.66     0.009
    2.60     8.79    63.15         2.60     8.79    63.16     0.014
  -46.44   -10.57   -18.99       -46.48   -10.57   -18.98     0.041
  -41.17   -20.32   -12.75       -41.14   -20.31   -12.76     0.032
   23.02    11.51    30.87        23.00    11.51    30.86     0.022
    4.65    15.48     6.62         4.70    15.45     6.64     0.062
   -2.75   -11.21     8.88        -2.78   -11.34     8.91     0.137
    1.40    14.69    11.36         1.42    14.69    11.37     0.028
    4.13    -5.09   -22.52         4.13    -5.09   -22.52     0.002
   25.07    -0.69    20.86        25.09    -0.69    20.90     0.043
   26.19     9.16    21.85        26.26     9.16    21.88     0.075
   22.17    20.01   -17.00        22.08    20.01   -17.00     0.087
    8.37    17.61     2.97         8.31    17.69     2.93     0.105
   22.72    22.07   -28.59        22.70    22.09   -28.60     0.028
  -13.91     6.67   -31.63       -13.86     6.66   -31.66     0.057
  -18.29   -13.69    -5.61       -18.30   -13.70    -5.59     0.025
   -3.69    -2.89    59.93        -3.69    -2.89    59.93     0.003
   -4.69     0.59    19.54        -4.70     0.59    19.54     0.009
  -21.92     3.76   -15.86       -21.94     3.65   -15.94     0.135
   23.58    27.21    -8.86        23.58    27.22    -8.86     0.006
   17.13   -13.60    -6.95        17.14   -13.65    -6.99     0.069
    9.75    -7.32   -18.05         9.71    -7.28   -18.01     0.062
    2.37     9.28    -8.94         2.36     9.32    -8.95     0.045
  -12.05   -27.66   -38.88       -12.14   -27.57   -38.80     0.147
   -7.67   -13.89   -42.59        -7.61   -13.92   -42.62     0.071
   36.44     0.93    -5.29        36.40     0.99    -5.28     0.069
   -4.32    -4.24   -30.75        -4.33    -4.24   -30.75     0.004
  -28.78    -6.05   -49.71       -28.78    -6.05   -49.72     0.017
   -0.16     8.49   -16.69        -0.17     8.51   -16.69     0.015
   11.41    26.55    10.35        11.33    26.71    10.36     0.169
  -31.33     7.23   -35.76       -31.34     7.19   -35.74     0.046
   30.23    22.04   -20.58        30.24    22.10   -20.61     0.061
   31.27    16.23    11.84        31.32    16.26    11.86     0.056
   17.74    10.79    55.27        17.74    10.79    55.27     0.004
  -35.39   -32.39   -24.43       -35.38   -32.36   -24.44     0.036
   13.82    28.10     1.97        13.74    28.10     1.92     0.100
    9.50    24.55     5.51         9.46    24.56     5.50     0.038
  -47.13   -12.51   -30.78       -47.09   -12.55   -30.78     0.051
   20.11    -4.12    15.10        20.11    -4.11    15.09     0.015
   15.02    22.40    37.68        15.04    22.29    37.67     0.113
    1.16     4.80   -21.60         1.17     4.81   -21.63     0.033
   -2.60     8.68    32.57        -2.52     8.70    32.56     0.082
  -38.92    -5.01   -45.44       -38.95    -4.98   -45.51     0.081
   15.29    14.08    56.48        15.52    14.15    56.54     0.245
    1.34   -14.39    -1.80         1.39   -14.53    -1.77     0.153
   14.09    25.64    21.15        14.10    25.67    21.16     0.037
   27.42    26.18   -11.26        27.36    26.01   -11.28     0.186
  -36.12    -3.66   -46.02       -36.10    -3.67   -45.99     0.030
   -8.82     0.98     2.43        -8.77     0.95     2.42     0.059
  -18.78    -6.97    -3.99       -18.76    -6.98    -4.04     0.048
   36.36    12.45     0.89        36.38    12.45     0.89     0.018
   34.86     6.02   -23.35        34.83     6.03   -23.33     0.039
   16.12    -0.35    57.00        16.05    -0.27    56.99     0.104
  -29.25     1.91   -44.72       -29.23     1.87   -44.66     0.072
  -41.09   -15.39    -9.43       -41.11   -15.41    -9.53     0.108
    0.60    20.63    11.90         0.59    20.63    11.90     0.002
   -7.75   -12.85     4.31        -7.76   -12.89     4.32     0.046
    6.37   -14.86     1.00         6.36   -14.90     0.99     0.042
   18.48    -0.38    33.06        18.46    -0.36    33.04     0.038
   -6.39    -5.51   -35.95        -6.49    -5.56   -35.93     0.118
    8.62    -3.43    62.00         8.63    -3.42    62.02     0.026
   12.10    16.41    61.36        12.09    16.40    61.33     0.030
    1.09   -10.11    24.42         1.11   -10.17    24.43     0.056
   12.04     2.30    59.49        12.05     2.30    59.47     0.029
  -19.41     2.80   -44.01       -19.41     2.84   -44.04     0.049
   -5.10    17.98    23.33        -5.09    17.98    23.33     0.008
   -4.41   -14.18   -31.31        -4.38   -14.14   -31.32     0.047
   14.31   -15.36    -4.08        14.30   -15.41    -4.11     0.061
  -28.57   -31.68   -16.17       -28.57   -31.64   -16.19     0.041
   21.98    -3.39    15.29        21.98    -3.48    15.31     0.094
   25.82    -5.19     9.91        25.82    -5.18     9.91     0.009
   -0.07    24.93    20.79        -0.03    24.82    20.80     0.116
  -30.02     2.54   -14.90       -30.02     2.56   -14.85     0.057
   28.39    -2.83     4.64        28.44    -2.87     4.64     0.063
  -39.57   -28.96   -31.02       -39.62   -29.00   -31.02     0.065
   -2.78     4.98    28.10        -2.83     4.99    28.10     0.048
   13.51    27.85     5.28        13.52    27.81     5.28     0.038
   -4.80    -1.56    20.79        -4.72    -1.56    20.77     0.077
   14.24     0.77   -20.56        14.21     0.79   -20.47     0.096
    4.07   -11.35    17.32         4.03   -11.25    17.31     0.106
   38.09     4.59    -4.96        38.05     4.60    -4.95     0.040
   33.39     0.00    -4.64        33.39     0.04    -4.64     0.038
  -20.79   -23.47   -47.96       -20.75   -23.50   -48.04     0.088
  -14.84   -14.78   -48.21       -14.82   -14.79   -48.27     0.058
    3.93   -11.89     7.43         3.85   -12.06     7.48     0.193
   18.83     8.24    56.02        18.83     8.25    56.02     0.004
    7.64    11.42    -9.15         7.72    11.25    -9.11     0.198
   -3.64    11.99    27.86        -3.42    12.05    27.87     0.225
    2.92    10.48    -1.42         2.90    10.49    -1.43     0.027
  -13.98   -17.59   -47.14       -13.98   -17.59   -47.13     0.003
   18.81    -8.42     7.97        18.77    -8.37     7.95     0.063
   -3.23    -0.17    42.77        -3.26    -0.16    42.78     0.035
   14.89    25.51    21.18        14.89    25.53    21.19     0.017
  -17.74     3.45   -15.85       -17.74     3.44   -15.86     0.012
   -0.99   -17.61    -9.44        -0.94   -17.83    -9.37     0.241
  -40.81   -18.42   -10.61       -40.79   -18.41   -10.62     0.018
   -1.25    -1.89   -26.17        -1.23    -1.88   -26.19     0.030
   -3.34    -2.39    61.67        -3.36    -2.39    61.68     0.017
   -3.16    -8.44    23.12        -3.19    -8.46    23.13     0.034
   14.47    16.38    56.68        14.42    16.33    56.66     0.071
   -4.95     0.79   -28.14        -4.91     0.84   -28.18     0.077
   21.61    10.10    36.26        21.76    10.10    36.29     0.146
   -0.76   -17.90   -10.06        -0.74   -17.99   -10.03     0.095
    4.93    20.54     8.74         5.01    20.55     8.84     0.122
   33.21    18.17     2.14        33.16    18.13     2.14     0.063
  -27.57    -0.83   -14.18       -27.59    -0.74   -14.06     0.143
   -5.25   -21.76   -12.29        -5.28   -21.74   -12.33     0.060
   10.74   -15.56    -2.08        10.74   -15.55    -2.08     0.009
    3.45    17.32     9.87         3.50    17.35     9.92     0.072
   -0.11    24.57    24.01        -0.11    24.57    24.01     0.008
   -1.40    -4.17    62.87        -1.40    -4.17    62.87     0.000
   -2.16    -8.15    28.68        -2.20    -8.18    28.68     0.039
   22.87    -4.06    16.19        22.96    -3.96    16.15     0.144
    3.11    22.10    31.09         3.11    22.22    31.15     0.135
  -31.52     0.83   -44.78       -31.52     0.84   -44.80     0.022
  -40.56   -20.29   -44.16       -40.50   -20.23   -44.09     0.112
  -44.12    -2.92   -31.57       -44.10    -2.93   -31.56     0.020
    9.51    -7.00    26.92         9.40    -6.88    26.87     0.167
  -42.81   -18.71   -14.51       -42.89   -18.74   -14.47     0.097
  -16.72     6.87   -37.75       -16.76     6.85   -37.72     0.052
   25.15     0.76    20.90        25.12     0.78    20.87     0.042
   -0.51   -11.81     8.40        -0.51   -11.81     8.40     0.008
  -14.24    -7.01     0.55       -14.21    -7.01     0.52     0.049
  -11.06    -2.60     3.65       -10.98    -2.64     3.61     0.100
   28.67    25.05   -11.55        28.76    25.13   -11.53     0.130
   12.60     9.21    61.64        12.59     9.17    61.73     0.093
  -45.64   -19.12   -28.29       -45.67   -19.13   -28.29     0.029
   -3.42    -5.38    54.48        -3.17    -5.25    54.50     0.282
  -32.90     7.04   -35.11       -32.85     6.94   -35.07     0.125
   -0.00    -7.98    52.62        -0.02    -8.21    52.60     0.237
   -6.66   -10.41   -37.82        -6.69   -10.41   -37.82     0.024
    8.76    -5.53    36.17         8.76    -5.52    36.17     0.010
   -4.42   -23.50   -15.96        -4.40   -23.55   -15.95     0.054
  -18.01     3.54   -15.72       -18.00     3.41   -15.84     0.176
   24.48     8.32    26.19        24.45     8.32    26.18     0.032
   14.50     9.67    62.11        14.50     9.67    62.06     0.042
  -34.44   -31.00   -19.33       -34.42   -30.96   -19.35     0.048
  -32.88   -31.39   -18.69       -32.89   -31.41   -18.68     0.020
  -10.21   -21.09    -9.90       -10.21   -21.09    -9.90     0.000
   -1.66    -3.20   -27.76        -1.71    -3.24   -27.71     0.077
   -6.61   -23.63   -13.84        -6.56   -23.73   -13.80     0.111
   19.10    -4.17    15.24        19.13    -4.21    15.34     0.117
   10.78    -4.01    42.37        10.83    -4.08    42.37     0.079
   26.66    23.13   -23.00        26.67    23.14   -23.01     0.015
   -2.58     3.74    34.80        -2.74     3.76    34.80     0.158
   16.19    -3.82   -17.80        16.15    -3.75   -17.70     0.132
  -28.92   -18.35   -50.87       -28.91   -18.34   -50.84     0.035
   12.83    15.83    61.07        12.85    15.84    61.11     0.049
   22.95    11.24   -25.31        22.97    11.27   -25.27     0.053
   19.58    19.48    48.20        19.71    19.47    48.25     0.135
   -3.42     1.06    31.89        -3.48     1.07    31.89     0.057
    0.98   -10.78    20.35         0.97   -10.75    20.35     0.024
  -44.35    -2.70   -29.57       -44.36    -2.70   -29.57     0.007
  -23.99     9.58   -30.33       -24.01     9.68   -30.34     0.100
   11.26    19.82     1.18        11.15    19.91     1.14     0.146
   -1.08   -18.63   -25.10        -1.09   -18.63   -25.10     0.010
  -20.01    -5.45    -5.50       -19.98    -5.47    -5.53     0.043
   -2.33    -2.14    62.43        -2.38    -2.12    62.51     0.095
   28.88     3.06   -24.78        28.89     3.04   -24.77     0.036
  -14.32     4.72   -37.22       -14.34     4.70   -37.20     0.030
    7.67   -14.83     4.73         7.65   -14.69     4.71     0.146
   11.30    -3.89    55.36        11.27    -3.85    55.36     0.050
   33.14     0.75    11.28        33.19     0.72    11.30     0.064
   -1.10   -17.24    -7.48        -1.11   -17.20    -7.49     0.039
   22.30    24.45   -25.20        22.31    24.40   -25.19     0.044
  -16.18    -3.29    -3.22       -16.24    -3.23    -3.18     0.095
   22.84    17.08   -28.42        22.82    17.14   -28.37     0.078
   -1.60   -10.63    14.35        -1.59   -10.60    14.35     0.034
   -3.25    14.97    29.51        -3.31    14.95    29.53     0.066
  -19.60   -30.68   -18.28       -19.60   -30.68   -18.29     0.015
   25.87    18.32   -25.46        25.95    18.33   -25.52     0.104
   -3.95    -3.08    39.20        -3.96    -3.08    39.20     0.008
   36.54     4.53     8.81        36.55     4.53     8.81     0.011
  -42.66   -23.02   -35.23       -42.79   -23.08   -35.25     0.154
  -41.93   -10.04   -10.28       -41.93   -10.04   -10.27     0.006
    2.33   -10.15   -22.78         2.32   -10.15   -22.78     0.011
   -2.51     2.86    55.60        -2.43     2.84    55.59     0.078
   36.32    12.91    -6.39        36.27    12.90    -6.38     0.054
   30.30     7.20    15.41        30.27     7.20    15.38     0.045
   35.86    13.71     6.06        35.83    13.68     6.05     0.053
   -8.56   -20.10   -10.32        -8.57   -20.05   -10.27     0.077
   25.94    12.92    23.21        25.84    12.93    23.16     0.118
   29.72    22.86     6.95        29.66    22.81     6.93     0.084
   12.23    22.23    34.56        12.22    22.28    34.57     0.053
   22.19    -0.25    23.73        22.17    -0.23    23.72     0.027
    1.78    16.72    36.31         1.76    16.73    36.32     0.026
    9.71     6.91    60.92         9.68     6.93    60.91     0.036
   -3.21     0.35    44.02        -3.09     0.34    44.03     0.113
  -13.96   -24.25   -43.99       -13.98   -24.22   -43.97     0.041
   36.53     9.71    -9.35        36.54     9.71    -9.35     0.007
   10.89    24.71     2.72        10.94    24.66     2.76     0.072
  -13.00     3.97   -36.49       -13.03     3.95   -36.47     0.040
   15.28    21.56    49.70        15.32    21.63    49.72     0.083
   20.88    14.61   -19.95        20.88    14.61   -19.95     0.000
   21.89    14.46   -25.17        21.83    14.46   -25.19     0.067
  -16.47   -28.22   -16.66       -16.47   -28.23   -16.65     0.018
   21.29    12.45   -24.31        21.27    12.45   -24.31     0.021
   24.18    22.39   -26.66        24.24    22.42   -26.72     0.099
  -46.31    -7.36   -23.22       -46.32    -7.36   -23.22     0.009
  -44.71   -15.30   -15.76       -44.66   -15.29   -15.79     0.058
   -0.88    -7.82    61.44        -0.89    -7.86    61.45     0.045
   27.14    19.35    20.15        27.13    19.35    20.15     0.014
  -12.72     5.12   -17.77       -12.74     5.15   -17.76     0.041
  -11.60   -29.58   -33.04       -11.58   -29.62   -33.04     0.042
  -39.23   -10.78   -10.22       -39.24   -10.78   -10.20     0.026
   22.01    19.37   -16.89        22.01    19.37   -16.89     0.002
   21.85    21.03    37.41        21.74    20.98    37.40     0.121
  -29.28   -33.84   -34.69       -29.30   -33.92   -34.71     0.085
   34.05     0.09    -2.12        34.04     0.09    -2.12     0.007
   -9.61     0.67   -33.73        -9.69     0.66   -33.75     0.081
    2.49    -0.25    63.99         2.50    -0.25    63.94     0.047
   30.72    23.06    -5.98        30.69    23.01    -5.99     0.051
  -29.12   -34.56   -24.95       -29.11   -34.54   -24.95     0.028
   32.46    16.92   -22.51        32.46    16.92   -22.52     0.009
    3.97    16.42    40.85         3.86    16.49    40.90     0.139
   -9.17   -16.21    -4.22        -9.17   -16.23    -4.20     0.023
   19.47     3.67    47.17        19.65     3.58    47.19     0.203
    3.30    12.11     2.99         3.41    12.01     3.02     0.148
   14.43    24.09    -2.96        14.40    24.09    -2.98     0.043
   20.41    13.72    42.69        20.42    13.72    42.69     0.005
  -21.39   -27.74   -13.49       -21.39   -27.75   -13.48     0.013
  -40.96   -27.96   -26.01       -41.08   -28.06   -26.02     0.155
   34.67     5.50   -23.27        34.71     5.49   -23.30     0.046
   -4.27   -12.51   -31.30        -4.21   -12.54   -31.33     0.074
  -42.37    -9.08   -10.80       -42.39    -9.04   -10.75     0.074
  -12.36     0.18    -2.70       -12.41     0.23    -2.67     0.081
   25.85    26.52   -15.54        25.86    26.53   -15.54     0.016
    1.34    -8.45    54.81         1.32    -8.37    54.80     0.083
  -32.86   -34.11   -28.54       -32.83   -34.06   -28.54     0.055
   22.98    23.93   -26.98        22.97    23.90   -26.98     0.032
  -15.53     4.83   -38.21       -15.56     4.81   -38.18     0.045
   37.59     4.76     3.80        37.52     4.76     3.76     0.080
   21.54    26.17   -11.78        21.47    26.25   -11.79     0.107
    1.41    -3.56   -24.89         1.43    -3.54   -24.95     0.062
    3.23    13.39    46.90         3.33    13.30    46.88     0.133
  -34.15   -29.79   -39.44       -34.13   -29.75   -39.41     0.058
   27.12     0.62    19.83        27.11     0.61    19.80     0.032
   18.34    26.12    -7.89        18.36    26.11    -7.87     0.028
  -13.46   -20.17   -46.19       -13.48   -20.15   -46.21     0.033
  -42.92   -24.55   -30.93       -42.90   -24.53   -30.93     0.033
    1.57   -14.37   -22.26         1.56   -14.36   -22.26     0.009
   -1.05   -14.18   -27.51        -0.99   -14.15   -27.57     0.091
    3.18     6.78   -18.72         3.21     6.85   -18.81     0.118
  -13.13   -27.33   -40.27       -13.19   -27.27   -40.21     0.103
   15.13    22.64    -3.59        15.15    22.64    -3.57     0.022
    1.02    14.95    11.65         1.21    14.92    11.77     0.236
   36.15    13.45   -11.74        36.26    13.47   -11.73     0.110
   19.25    -2.34    21.98        19.20    -2.20    21.94     0.153
    5.03    21.32    35.28         5.06    21.24    35.27     0.094
  -10.23     3.04   -31.16       -10.24     3.04   -31.16     0.009
  -38.36   -19.97    -9.85       -38.34   -20.00    -9.80     0.056
   11.77    23.41    31.06        11.78    23.36    31.03     0.064
    1.92   -15.94    -9.66         1.96   -15.99    -9.66     0.063
  -26.56    -9.87   -51.45       -26.56    -9.88   -51.44     0.008
   13.14    22.83    -1.10        13.22    22.83    -1.05     0.093
    1.45    23.07    29.71         1.45    23.06    29.71     0.012
  -36.83   -23.41   -11.39       -36.83   -23.40   -11.41     0.029
   16.50    14.96    53.02        16.38    15.03    52.93     0.171
   16.62     0.42    57.32        16.72     0.30    57.33     0.149
   26.21    -5.10     9.10        26.13    -5.02     9.09     0.112
  -37.48   -29.99   -21.25       -37.47   -29.98   -21.26     0.020
   22.99     0.15    23.05        23.06     0.07    23.11     0.123
   -8.60   -27.29   -33.96        -8.59   -27.30   -33.96     0.011
  -40.96   -27.20   -33.04       -41.00   -27.22   -33.05     0.044
  -28.22   -23.26   -48.98       -28.22   -23.19   -48.87     0.125
   29.10    23.40   -18.59        29.11    23.45   -18.62     0.058
  -11.40   -29.18   -22.14       -11.32   -29.34   -22.11     0.178
  -12.41     4.59   -15.92       -12.39     4.55   -15.94     0.047
   -2.37    -0.98   -27.00        -2.30    -0.98   -27.07     0.105
    4.69    -8.81    28.34         4.68    -8.75    28.33     0.060
   -4.50    18.60    18.21        -4.38    18.54    18.26     0.139
   36.41    12.22    -0.20        36.46    12.24    -0.19     0.056
   22.74   -10.37    -4.21        22.71   -10.35    -4.20     0.033
  -15.12   -31.70   -27.04       -15.09   -31.80   -27.04     0.101
   19.36    23.65    28.38        19.35    23.50    28.35     0.155
   10.81    -3.87   -19.42        10.81    -3.88   -19.44     0.013
   22.18    19.15   -27.68        22.21    19.16   -27.67     0.032
   24.23    -6.73     2.41        24.29    -6.75     2.41     0.055
   30.49    23.72   -15.37        30.53    23.78   -15.38     0.070
  -41.22   -13.09   -10.07       -41.21   -13.07    -9.99     0.073
   20.70     7.74    41.86        20.72     7.75    41.86     0.022
   30.64    22.17     1.30        30.66    22.18     1.30     0.022
   20.15    24.52    23.02        20.15    24.58    23.03     0.057
   21.02    28.15     2.29        21.02    28.17     2.29     0.018
    9.22   -11.45    11.03         9.23   -11.47    11.03     0.019
   -1.84    -6.77    44.10        -1.86    -6.78    44.10     0.023
   14.60    -8.75   -14.56        14.59    -8.72   -14.54     0.031
  -18.63     7.82   -24.95       -18.60     7.89   -24.90     0.090
  -33.83   -16.77   -49.86       -33.83   -16.77   -49.85     0.008
   15.18    23.38    29.27        15.21    23.51    29.31     0.135
   23.27    -8.56     3.58        23.26    -8.51     3.56     0.056
    5.18    14.28    50.89         5.06    14.42    50.89     0.187
   20.44    15.97   -13.83        20.51    15.93   -13.78     0.088
   -5.26     5.53    -7.66        -5.29     5.57    -7.65     0.058
   17.54    -6.22    13.23        17.56    -6.25    13.24     0.042
   -4.55     4.18     7.49        -4.66     4.32     7.52     0.180
   36.31     9.88   -11.07        36.29     9.88   -11.07     0.024
  -19.76   -31.09   -18.33       -19.80   -31.03   -18.42     0.114
   -9.24    -3.79     8.09        -9.21    -3.80     8.07     0.038
   36.67     8.31    -9.27        36.56     8.31    -9.26     0.114
   25.31    17.17   -26.67        25.29    17.16   -26.66     0.028
   -4.02   -22.49   -14.52        -4.00   -22.51   -14.51     0.025
  -24.45     8.83   -33.77       -24.47     8.94   -33.81     0.122
   22.95    17.56   -28.50        22.90    17.57   -28.49     0.055
   28.51    24.40    -1.59        28.58    24.50    -1.60     0.121
   23.36    -8.52     3.49        23.36    -8.53     3.50     0.006
   19.84   -12.33     1.11        19.89   -12.36     1.15     0.071
  -11.65   -24.14   -41.94       -11.59   -24.21   -42.01     0.115
   -4.00    -0.65    26.59        -4.00    -0.65    26.59     0.003
  -36.76   -27.85   -16.52       -36.74   -27.82   -16.54     0.040
   34.49    16.23     0.18        34.45    16.21     0.19     0.040
   32.77    17.88     4.81        32.77    17.88     4.81     0.001
   17.93     1.32    56.35        17.81     1.40    56.34     0.151
  -41.26   -17.71   -10.75       -41.23   -17.70   -10.77     0.038
  -25.56   -14.56   -50.79       -25.56   -14.47   -50.79     0.089
  -20.34     1.46   -45.50       -20.33     1.44   -45.48     0.024
   -0.42    -6.36    62.88        -0.42    -6.36    62.87     0.005
    1.57    -8.99    28.85         1.73    -9.37    28.88     0.414
   10.56   -15.42    -2.33        10.61   -15.34    -2.27     0.124
  -10.00     2.49   -31.68       -10.01     2.48   -31.66     0.029
   22.34    22.86    31.15        22.29    22.63    31.13     0.234
  -24.99     9.25   -23.97       -24.98     9.19   -23.98     0.061
    7.74    -4.26    62.39         7.89    -4.36    62.60     0.270
  -16.76     6.99   -37.71       -16.81     6.96   -37.67     0.068
   16.89    13.80   -11.55        16.87    13.84   -11.58     0.055
  -32.87     6.32   -37.44       -32.84     6.23   -37.39     0.108
