400 PA5-F-Debug-Answer.txt 6
  -67.3231   36.9161   94.6004 -167.7415   60.8698   19.2645
   14.49    27.20    14.18        14.49    27.03    14.14     0.172
   30.71     5.52   -26.47        30.72     5.49   -26.51     0.046
   -0.24     8.42    -2.61        -0.18     8.34    -2.62     0.099
   33.47    17.02     3.81        33.51    17.04     3.82     0.047
  -30.34     8.66   -26.73       -30.34     8.75   -26.73     0.097
  -30.54     8.52   -32.23       -30.54     8.46   -32.22     0.057
  -32.38     4.48   -41.09       -32.38     4.49   -41.10     0.008
  -19.62   -30.88   -39.32       -19.58   -30.96   -39.37     0.105
  -42.55   -23.60   -34.86       -42.59   -23.63   -34.87     0.054
  -14.52    -0.70    -4.62       -14.55    -0.67    -4.60     0.050
   -3.08    -7.19    28.25        -3.10    -7.21    28.26     0.027
   11.27    26.04    18.33        11.25    26.14    18.34     0.103
    9.97    20.34    47.17        10.02    20.27    47.18     0.087
  -17.39     2.71   -14.76       -17.39     2.70   -14.77     0.015
  -32.88     4.99   -39.99       -32.88     5.03   -40.01     0.043
   -4.91    -5.40   -31.85        -4.89    -5.39   -31.87     0.026
   35.88    13.82    -0.25        35.89    13.83    -0.25     0.011
    3.79    11.77    -0.84         3.91    11.64    -0.82     0.182
  -42.65     1.08   -27.85       -42.65     1.08   -27.85     0.001
   20.92     6.17    40.28        20.92     6.17    40.28     0.001
  -36.20    -4.81   -11.46       -36.21    -4.78   -11.42     0.045
   -2.72    -5.60   -29.81        -2.60    -5.62   -29.92     0.170
   31.48    -1.28   -14.32        31.45    -1.19   -14.32     0.093
   25.34    26.57     6.09        25.26    26.44     6.08     0.155
  -11.74   -29.33   -20.54       -11.79   -29.25   -20.55     0.102
   -0.97    23.65    16.99        -0.98    23.74    16.95     0.102
   -3.36    -2.84    51.77        -3.38    -2.84    51.77     0.017
   11.51    10.63    62.04        11.48    10.68    61.96     0.100
    4.82    13.99     4.48         4.85    13.98     4.50     0.040
   19.27    -3.57   -15.33        19.26    -3.55   -15.32     0.028
   -1.79    -7.01    43.90        -1.72    -6.95    43.90     0.095
   22.51     9.08    32.65        22.56     9.08    32.66     0.051
  -18.07     1.60   -44.58       -18.10     1.58   -44.56     0.041
   -6.81     4.51    -6.83        -6.79     4.47    -6.83     0.040
  -28.74    -2.97   -12.91       -28.73    -2.98   -12.92     0.020
   -3.59    -0.41    40.46        -3.53    -0.42    40.45     0.058
   -2.63    22.27    17.37        -2.75    22.42    17.31     0.201
  -11.67     2.87   -34.90       -11.57     2.99   -34.93     0.152
   26.96    16.67    21.27        27.02    16.68    21.32     0.080
  -20.17   -11.36    -5.06       -20.19   -11.36    -5.01     0.054
  -11.74     6.48   -22.97       -11.73     6.54   -22.96     0.062
   21.53    27.69    -6.61        21.52    27.67    -6.61     0.021
   21.26   -12.08    -4.00        21.31   -12.13    -4.00     0.065
  -11.36   -15.81   -46.29       -11.37   -15.80   -46.28     0.020
  -28.79   -34.07   -22.71       -28.79   -34.11   -22.70     0.042
    0.79    10.10     8.23         0.70    10.17     8.20     0.117
   -3.04     0.71    41.72        -3.14     0.73    41.73     0.112
    1.79    14.12    10.76         1.72    14.13    10.72     0.077
  -21.57     3.14   -15.46       -21.56     3.15   -15.45     0.019
   32.23     1.93    15.14        32.22     1.89    15.12     0.043
   27.57    -0.51   -22.14        27.60    -0.44   -22.08     0.100
   27.51    -3.59     4.00        27.61    -3.73     3.99     0.174
  -33.18   -26.94   -11.18       -33.17   -26.93   -11.21     0.032
   15.17    28.19     8.13        15.16    28.12     8.13     0.079
   20.05     6.92   -22.49        20.07     6.90   -22.52     0.030
  -25.49   -33.27   -37.83       -25.50   -33.34   -37.87     0.076
   11.51    24.75    25.73        11.52    24.64    25.70     0.117
   18.34     2.40    54.59        18.51     2.29    54.61     0.202
   -8.71     1.59   -31.51        -8.71     1.58   -31.50     0.011
    8.25    -6.23    33.48         8.30    -6.28    33.49     0.072
  -13.82   -24.14   -43.86       -13.81   -24.16   -43.87     0.025
   -2.84    -2.18    62.26        -2.85    -2.17    62.27     0.013
   15.12    -1.07    57.41        15.08    -1.03    57.41     0.059
  -28.33   -10.87    -9.00       -28.33   -10.87    -9.05     0.050
  -29.84     1.79   -44.51       -29.85     1.80   -44.52     0.006
   -5.31   -21.50   -12.15        -5.35   -21.48   -12.20     0.068
   20.94    23.72   -13.39        20.87    23.69   -13.40     0.075
   -5.52    -5.96    15.25        -5.61    -5.99    15.26     0.100
  -13.02    -2.84     0.96       -12.87    -2.92     0.86     0.198
  -43.06    -4.41   -39.24       -43.05    -4.41   -39.24     0.015
   -9.73    -5.89   -44.26        -9.73    -5.92   -44.21     0.052
  -47.87   -13.41   -33.12       -47.87   -13.40   -33.12     0.008
   -3.54     7.67   -16.36        -3.55     7.72   -16.35     0.058
  -32.49    -0.46   -45.24       -32.52    -0.41   -45.31     0.090
    6.25     4.18    62.66         6.25     4.18    62.66     0.001
    2.62     8.78    63.15         2.62     8.78    63.18     0.028
  -46.44   -10.56   -18.98       -46.47   -10.56   -18.97     0.033
  -41.17   -20.31   -12.74       -41.14   -20.29   -12.76     0.036
   23.04    11.50    30.86        23.01    11.49    30.85     0.030
    4.66    15.48     6.62         4.70    15.46     6.64     0.048
   -2.75   -11.21     8.87        -2.78   -11.34     8.91     0.140
    1.41    14.69    11.36         1.42    14.69    11.37     0.013
    4.13    -5.09   -22.52         4.13    -5.09   -22.52     0.001
   25.08    -0.70    20.86        25.10    -0.70    20.91     0.056
   26.20     9.15    21.85        26.27     9.15    21.88     0.072
   22.17    20.01   -17.00        22.08    20.00   -17.01     0.092
    8.38    17.61     2.97         8.32    17.69     2.93     0.118
   22.72    22.07   -28.59        22.70    22.09   -28.60     0.026
  -13.91     6.68   -31.63       -13.85     6.67   -31.66     0.066
  -18.29   -13.69    -5.60       -18.30   -13.70    -5.58     0.026
   -3.67    -2.90    59.93        -3.69    -2.90    59.92     0.019
   -4.68     0.58    19.54        -4.70     0.59    19.54     0.022
  -21.92     3.77   -15.85       -21.94     3.65   -15.95     0.149
   23.58    27.21    -8.87        23.58    27.21    -8.87     0.005
   17.13   -13.60    -6.96        17.13   -13.65    -7.00     0.060
    9.74    -7.32   -18.05         9.71    -7.28   -18.01     0.065
    2.38     9.28    -8.94         2.36     9.32    -8.95     0.048
  -12.07   -27.65   -38.88       -12.14   -27.57   -38.81     0.134
   -7.68   -13.88   -42.59        -7.61   -13.92   -42.62     0.083
   36.44     0.93    -5.30        36.40     0.98    -5.29     0.076
   -4.33    -4.23   -30.75        -4.33    -4.23   -30.75     0.003
  -28.79    -6.04   -49.70       -28.79    -6.03   -49.71     0.010
   -0.16     8.50   -16.68        -0.16     8.51   -16.68     0.013
   11.42    26.55    10.35        11.34    26.71    10.36     0.183
  -31.34     7.25   -35.75       -31.34     7.19   -35.73     0.062
   30.23    22.04   -20.58        30.24    22.09   -20.61     0.062
   31.29    16.22    11.83        31.34    16.25    11.85     0.058
   17.76    10.78    55.26        17.75    10.77    55.26     0.012
  -35.40   -32.38   -24.43       -35.39   -32.35   -24.43     0.032
   13.84    28.09     1.97        13.73    28.09     1.92     0.116
    9.51    24.55     5.51         9.46    24.57     5.50     0.054
  -47.14   -12.49   -30.76       -47.09   -12.55   -30.77     0.074
   20.12    -4.13    15.09        20.12    -4.12    15.08     0.014
   15.04    22.39    37.68        15.06    22.29    37.67     0.101
    1.16     4.80   -21.60         1.17     4.81   -21.63     0.031
   -2.58     8.68    32.57        -2.51     8.69    32.56     0.073
  -38.94    -4.99   -45.43       -38.95    -4.96   -45.49     0.069
   15.32    14.06    56.48        15.53    14.13    56.53     0.233
    1.34   -14.39    -1.81         1.39   -14.52    -1.78     0.147
   14.11    25.63    21.15        14.11    25.67    21.16     0.042
   27.43    26.18   -11.26        27.36    26.00   -11.28     0.187
  -36.13    -3.64   -46.01       -36.11    -3.66   -45.97     0.042
   -8.81     0.98     2.43        -8.77     0.95     2.42     0.055
  -18.78    -6.97    -3.99       -18.76    -6.97    -4.03     0.048
   36.37    12.44     0.89        36.38    12.44     0.89     0.015
   34.86     6.02   -23.36        34.83     6.03   -23.33     0.044
   16.14    -0.36    57.00        16.06    -0.27    56.99     0.124
  -29.26     1.93   -44.71       -29.23     1.88   -44.65     0.085
  -41.09   -15.38    -9.42       -41.11   -15.41    -9.54     0.126
    0.61    20.63    11.90         0.60    20.63    11.89     0.018
   -7.75   -12.85     4.31        -7.76   -12.89     4.33     0.049
    6.37   -14.86     0.99         6.36   -14.90     0.99     0.036
   18.50    -0.40    33.05        18.47    -0.36    33.04     0.048
   -6.40    -5.50   -35.95        -6.50    -5.55   -35.93     0.113
    8.64    -3.44    62.00         8.65    -3.42    62.03     0.037
   12.13    16.39    61.36        12.11    16.39    61.33     0.028
    1.10   -10.12    24.42         1.11   -10.16    24.42     0.048
   12.06     2.28    59.49        12.06     2.28    59.48     0.013
  -19.42     2.81   -44.01       -19.42     2.84   -44.03     0.036
   -5.08    17.98    23.34        -5.09    17.98    23.34     0.006
   -4.42   -14.17   -31.31        -4.39   -14.13   -31.32     0.052
   14.31   -15.36    -4.08        14.30   -15.41    -4.11     0.054
  -28.58   -31.67   -16.17       -28.58   -31.64   -16.18     0.034
   21.98    -3.40    15.28        21.98    -3.49    15.30     0.089
   25.83    -5.20     9.91        25.82    -5.19     9.90     0.013
   -0.05    24.93    20.80        -0.02    24.84    20.80     0.094
  -30.02     2.55   -14.90       -30.02     2.56   -14.86     0.037
   28.40    -2.84     4.64        28.44    -2.87     4.63     0.056
  -39.58   -28.94   -31.01       -39.63   -28.99   -31.02     0.065
   -2.77     4.98    28.10        -2.83     4.99    28.10     0.061
   13.52    27.85     5.28        13.53    27.82     5.28     0.030
   -4.79    -1.56    20.79        -4.72    -1.56    20.78     0.063
   14.24     0.77   -20.56        14.21     0.79   -20.47     0.099
    4.07   -11.36    17.32         4.03   -11.25    17.31     0.117
   38.09     4.58    -4.97        38.05     4.59    -4.95     0.052
   33.39    -0.01    -4.65        33.39     0.04    -4.65     0.042
  -20.80   -23.45   -47.96       -20.76   -23.49   -48.04     0.098
  -14.85   -14.77   -48.21       -14.84   -14.78   -48.27     0.059
    3.93   -11.89     7.43         3.85   -12.06     7.48     0.193
   18.85     8.23    56.02        18.84     8.23    56.02     0.007
    7.65    11.42    -9.15         7.73    11.25    -9.12     0.191
   -3.62    11.98    27.87        -3.41    12.04    27.87     0.218
    2.93    10.47    -1.42         2.90    10.50    -1.43     0.036
  -13.99   -17.58   -47.13       -13.99   -17.58   -47.14     0.004
   18.81    -8.42     7.97        18.77    -8.37     7.94     0.075
   -3.21    -0.17    42.78        -3.27    -0.16    42.78     0.056
   14.91    25.50    21.19        14.91    25.52    21.19     0.022
  -17.74     3.45   -15.84       -17.74     3.43   -15.86     0.026
   -0.99   -17.61    -9.44        -0.94   -17.83    -9.37     0.236
  -40.81   -18.41   -10.60       -40.79   -18.40   -10.61     0.019
   -1.25    -1.88   -26.17        -1.23    -1.88   -26.19     0.030
   -3.32    -2.40    61.67        -3.36    -2.40    61.70     0.042
   -3.15    -8.44    23.12        -3.19    -8.47    23.13     0.047
   14.50    16.36    56.68        14.44    16.32    56.66     0.079
   -4.96     0.80   -28.14        -4.91     0.85   -28.18     0.076
   21.63    10.09    36.26        21.76    10.09    36.28     0.136
   -0.76   -17.90   -10.06        -0.74   -17.99   -10.03     0.090
    4.94    20.53     8.75         5.01    20.54     8.83     0.114
   33.22    18.16     2.14        33.17    18.12     2.14     0.063
  -27.57    -0.82   -14.17       -27.59    -0.74   -14.07     0.126
   -5.25   -21.75   -12.29        -5.29   -21.74   -12.34     0.065
   10.74   -15.56    -2.09        10.74   -15.55    -2.08     0.014
    3.46    17.32     9.87         3.50    17.34     9.91     0.060
   -0.09    24.57    24.02        -0.10    24.57    24.02     0.008
   -1.37    -4.18    62.87        -1.38    -4.18    62.88     0.010
   -2.15    -8.16    28.68        -2.20    -8.19    28.69     0.053
   22.88    -4.07    16.18        22.97    -3.97    16.14     0.141
    3.13    22.09    31.09         3.13    22.22    31.15     0.143
  -31.53     0.85   -44.77       -31.53     0.85   -44.78     0.011
  -40.57   -20.28   -44.15       -40.51   -20.21   -44.08     0.109
  -44.12    -2.91   -31.55       -44.10    -2.92   -31.55     0.028
    9.52    -7.01    26.92         9.40    -6.88    26.87     0.182
  -42.82   -18.69   -14.50       -42.89   -18.73   -14.47     0.093
  -16.73     6.88   -37.74       -16.77     6.86   -37.71     0.056
   25.16     0.75    20.89        25.13     0.77    20.86     0.040
   -0.50   -11.81     8.40        -0.51   -11.82     8.40     0.009
  -14.24    -7.00     0.56       -14.21    -7.01     0.53     0.045
  -11.06    -2.60     3.65       -10.98    -2.64     3.61     0.096
   28.67    25.04   -11.56        28.77    25.12   -11.53     0.125
   12.63     9.19    61.64        12.61     9.15    61.73     0.101
  -45.65   -19.11   -28.28       -45.68   -19.12   -28.28     0.026
   -3.40    -5.39    54.48        -3.16    -5.27    54.50     0.265
  -32.91     7.06   -35.10       -32.85     6.93   -35.06     0.143
    0.02    -7.99    52.62        -0.00    -8.22    52.60     0.231
   -6.67   -10.41   -37.82        -6.69   -10.40   -37.82     0.016
    8.78    -5.54    36.16         8.76    -5.52    36.16     0.025
   -4.43   -23.50   -15.97        -4.41   -23.54   -15.95     0.052
  -18.01     3.55   -15.72       -18.00     3.41   -15.85     0.189
   24.49     8.31    26.19        24.46     8.31    26.17     0.037
   14.52     9.66    62.10        14.52     9.66    62.07     0.031
  -34.44   -30.99   -19.33       -34.43   -30.95   -19.35     0.046
  -32.88   -31.38   -18.68       -32.90   -31.39   -18.68     0.018
  -10.21   -21.08    -9.90       -10.21   -21.08    -9.90     0.003
   -1.67    -3.19   -27.76        -1.71    -3.23   -27.71     0.077
   -6.61   -23.63   -13.84        -6.57   -23.72   -13.80     0.109
   19.11    -4.18    15.23        19.14    -4.22    15.33     0.116
   10.80    -4.02    42.36        10.84    -4.08    42.37     0.064
   26.67    23.13   -23.01        26.68    23.14   -23.01     0.012
   -2.57     3.74    34.80        -2.74     3.76    34.80     0.173
   16.18    -3.82   -17.81        16.14    -3.75   -17.70     0.135
  -28.93   -18.33   -50.87       -28.92   -18.33   -50.83     0.039
   12.86    15.82    61.07        12.88    15.83    61.11     0.052
   22.95    11.23   -25.32        22.97    11.27   -25.28     0.055
   19.61    19.47    48.20        19.72    19.46    48.24     0.116
   -3.41     1.05    31.89        -3.48     1.07    31.89     0.074
    0.98   -10.78    20.35         0.98   -10.75    20.35     0.031
  -44.36    -2.68   -29.56       -44.36    -2.68   -29.56     0.000
  -23.99     9.60   -30.32       -24.01     9.67   -30.33     0.082
   11.27    19.81     1.18        11.15    19.91     1.13     0.160
   -1.09   -18.63   -25.11        -1.10   -18.63   -25.10     0.013
  -20.01    -5.44    -5.50       -19.98    -5.46    -5.53     0.047
   -2.31    -2.15    62.43        -2.37    -2.13    62.53     0.114
   28.87     3.06   -24.79        28.89     3.03   -24.77     0.038
  -14.33     4.72   -37.22       -14.34     4.71   -37.20     0.035
    7.68   -14.84     4.72         7.65   -14.69     4.70     0.153
   11.32    -3.90    55.35        11.28    -3.84    55.35     0.069
   33.15     0.74    11.27        33.20     0.71    11.29     0.061
   -1.11   -17.24    -7.48        -1.11   -17.20    -7.50     0.043
   22.30    24.45   -25.20        22.30    24.40   -25.19     0.045
  -16.17    -3.29    -3.21       -16.23    -3.23    -3.17     0.092
   22.84    17.08   -28.42        22.82    17.14   -28.37     0.081
   -1.59   -10.64    14.35        -1.58   -10.61    14.35     0.033
   -3.24    14.96    29.51        -3.30    14.94    29.54     0.067
  -19.60   -30.68   -18.28       -19.61   -30.67   -18.29     0.010
   25.87    18.32   -25.47        25.95    18.33   -25.53     0.101
   -3.94    -3.09    39.20        -3.96    -3.09    39.21     0.028
   36.55     4.52     8.80        36.55     4.52     8.80     0.008
  -42.67   -23.00   -35.22       -42.80   -23.07   -35.24     0.151
  -41.93   -10.03   -10.27       -41.94   -10.03   -10.28     0.010
    2.32   -10.15   -22.79         2.31   -10.14   -22.78     0.011
   -2.49     2.85    55.60        -2.43     2.84    55.59     0.054
   36.32    12.90    -6.39        36.27    12.89    -6.39     0.057
   30.31     7.19    15.40        30.28     7.19    15.37     0.042
   35.87    13.70     6.05        35.84    13.67     6.04     0.049
   -8.56   -20.09   -10.32        -8.57   -20.04   -10.26     0.081
   25.96    12.91    23.21        25.85    12.92    23.15     0.124
   29.73    22.85     6.94        29.66    22.80     6.92     0.087
   12.25    22.22    34.56        12.23    22.28    34.58     0.069
   22.20    -0.26    23.73        22.18    -0.23    23.71     0.032
    1.80    16.71    36.31         1.77    16.73    36.33     0.041
    9.73     6.90    60.92         9.70     6.92    60.90     0.049
   -3.19     0.34    44.02        -3.10     0.33    44.03     0.095
  -13.97   -24.24   -43.99       -13.99   -24.22   -43.98     0.029
   36.54     9.70    -9.36        36.54     9.70    -9.36     0.001
   10.90    24.70     2.72        10.94    24.67     2.75     0.059
  -13.00     3.98   -36.49       -13.03     3.96   -36.47     0.042
   15.31    21.55    49.70        15.34    21.62    49.72     0.080
   20.88    14.61   -19.95        20.87    14.61   -19.95     0.006
   21.89    14.46   -25.17        21.82    14.46   -25.20     0.069
  -16.48   -28.21   -16.66       -16.47   -28.23   -16.65     0.025
   21.29    12.45   -24.31        21.27    12.45   -24.32     0.022
   24.18    22.39   -26.66        24.24    22.42   -26.73     0.096
  -46.32    -7.35   -23.20       -46.31    -7.35   -23.21     0.006
  -44.72   -15.29   -15.75       -44.66   -15.28   -15.78     0.066
   -0.86    -7.83    61.44        -0.87    -7.87    61.45     0.047
   27.16    19.34    20.15        27.14    19.33    20.14     0.017
  -12.72     5.12   -17.77       -12.73     5.15   -17.76     0.031
  -11.61   -29.58   -33.04       -11.59   -29.63   -33.04     0.055
  -39.23   -10.77   -10.21       -39.24   -10.77   -10.20     0.013
   22.01    19.37   -16.89        22.01    19.37   -16.89     0.003
   21.87    21.01    37.40        21.75    20.96    37.40     0.133
  -29.29   -33.83   -34.69       -29.31   -33.91   -34.71     0.093
   34.05     0.08    -2.13        34.05     0.09    -2.13     0.012
   -9.62     0.68   -33.73        -9.69     0.66   -33.75     0.074
    2.51    -0.27    63.99         2.52    -0.26    63.96     0.032
   30.73    23.05    -5.99        30.70    23.01    -5.99     0.051
  -29.13   -34.55   -24.94       -29.13   -34.53   -24.95     0.022
   32.46    16.92   -22.52        32.46    16.92   -22.52     0.006
    3.99    16.41    40.85         3.86    16.49    40.90     0.160
   -9.17   -16.21    -4.22        -9.18   -16.23    -4.21     0.023
   19.48     3.66    47.16        19.65     3.58    47.18     0.187
    3.31    12.11     2.99         3.41    12.02     3.02     0.139
   14.44    24.09    -2.96        14.40    24.09    -2.99     0.055
   20.43    13.71    42.69        20.42    13.71    42.69     0.006
  -21.40   -27.73   -13.49       -21.39   -27.75   -13.48     0.019
  -40.97   -27.95   -26.01       -41.09   -28.04   -26.01     0.154
   34.67     5.49   -23.28        34.70     5.49   -23.30     0.041
   -4.28   -12.51   -31.30        -4.21   -12.53   -31.33     0.076
  -42.37    -9.07   -10.79       -42.38    -9.04   -10.75     0.052
  -12.36     0.18    -2.69       -12.41     0.23    -2.67     0.080
   25.85    26.52   -15.54        25.86    26.53   -15.54     0.015
    1.36    -8.47    54.81         1.33    -8.38    54.80     0.096
  -32.87   -34.10   -28.53       -32.85   -34.05   -28.54     0.051
   22.98    23.93   -26.98        22.97    23.89   -26.98     0.035
  -15.54     4.84   -38.20       -15.57     4.81   -38.17     0.050
   37.60     4.75     3.79        37.53     4.75     3.75     0.076
   21.55    26.17   -11.78        21.47    26.25   -11.79     0.114
    1.41    -3.56   -24.90         1.43    -3.53   -24.95     0.062
    3.25    13.38    46.90         3.33    13.31    46.89     0.111
  -34.16   -29.78   -39.44       -34.14   -29.74   -39.41     0.053
   27.13     0.61    19.82        27.12     0.60    19.80     0.019
   18.35    26.12    -7.89        18.36    26.11    -7.88     0.016
  -13.47   -20.16   -46.19       -13.49   -20.15   -46.20     0.020
  -42.93   -24.53   -30.93       -42.91   -24.52   -30.92     0.033
    1.56   -14.36   -22.26         1.56   -14.36   -22.26     0.012
   -1.06   -14.17   -27.51        -1.00   -14.14   -27.57     0.090
    3.18     6.78   -18.72         3.21     6.85   -18.81     0.117
  -13.15   -27.33   -40.27       -13.20   -27.26   -40.22     0.091
   15.14    22.64    -3.59        15.15    22.64    -3.58     0.011
    1.03    14.95    11.65         1.21    14.92    11.76     0.220
   36.16    13.44   -11.75        36.26    13.46   -11.74     0.109
   19.26    -2.35    21.97        19.20    -2.21    21.93     0.160
    5.05    21.31    35.29         5.07    21.24    35.27     0.075
  -10.24     3.05   -31.16       -10.25     3.04   -31.15     0.013
  -38.36   -19.96    -9.84       -38.35   -19.99    -9.80     0.055
   11.79    23.40    31.06        11.80    23.36    31.04     0.050
    1.92   -15.94    -9.67         1.95   -15.99    -9.66     0.058
  -26.57    -9.86   -51.44       -26.57    -9.87   -51.42     0.019
   13.15    22.83    -1.10        13.22    22.83    -1.06     0.081
    1.47    23.06    29.72         1.46    23.05    29.71     0.015
  -36.84   -23.40   -11.38       -36.83   -23.39   -11.41     0.033
   16.53    14.95    53.01        16.39    15.02    52.92     0.183
   16.64     0.41    57.32        16.72     0.31    57.33     0.128
   26.21    -5.11     9.09        26.14    -5.02     9.08     0.118
  -37.49   -29.98   -21.24       -37.48   -29.97   -21.25     0.020
   23.00     0.14    23.05        23.07     0.06    23.10     0.119
   -8.61   -27.28   -33.96        -8.60   -27.30   -33.97     0.025
  -40.98   -27.18   -33.03       -41.01   -27.20   -33.04     0.040
  -28.23   -23.25   -48.97       -28.24   -23.18   -48.88     0.118
   29.11    23.40   -18.59        29.12    23.45   -18.62     0.060
  -11.41   -29.18   -22.14       -11.33   -29.34   -22.11     0.188
  -12.41     4.59   -15.91       -12.39     4.55   -15.94     0.056
   -2.38    -0.98   -27.00        -2.30    -0.98   -27.07     0.105
    4.70    -8.82    28.34         4.68    -8.75    28.32     0.071
   -4.48    18.60    18.22        -4.38    18.54    18.26     0.121
   36.41    12.21    -0.20        36.46    12.23    -0.20     0.054
   22.74   -10.38    -4.21        22.71   -10.36    -4.20     0.036
  -15.13   -31.69   -27.05       -15.10   -31.80   -27.04     0.112
   19.38    23.64    28.38        19.37    23.50    28.35     0.147
   10.81    -3.87   -19.43        10.81    -3.88   -19.44     0.011
   22.18    19.15   -27.68        22.21    19.16   -27.68     0.029
   24.24    -6.74     2.40        24.28    -6.76     2.40     0.050
   30.49    23.72   -15.37        30.54    23.77   -15.38     0.069
  -41.22   -13.07   -10.06       -41.21   -13.06   -10.00     0.055
   20.72     7.73    41.85        20.73     7.73    41.85     0.011
   30.64    22.16     1.30        30.66    22.17     1.30     0.017
   20.17    24.51    23.02        20.17    24.58    23.03     0.063
   21.03    28.14     2.29        21.03    28.16     2.29     0.018
    9.23   -11.46    11.03         9.23   -11.46    11.03     0.007
   -1.83    -6.77    44.10        -1.85    -6.80    44.10     0.034
   14.60    -8.75   -14.57        14.59    -8.72   -14.54     0.037
  -18.63     7.83   -24.94       -18.60     7.88   -24.90     0.073
  -33.85   -16.75   -49.85       -33.85   -16.75   -49.84     0.011
   15.20    23.37    29.27        15.23    23.50    29.31     0.139
   23.28    -8.57     3.58        23.27    -8.52     3.55     0.060
    5.20    14.26    50.89         5.07    14.43    50.89     0.210
   20.45    15.97   -13.83        20.50    15.93   -13.79     0.079
   -5.26     5.53    -7.66        -5.29     5.57    -7.64     0.059
   17.55    -6.22    13.22        17.56    -6.25    13.23     0.030
   -4.54     4.18     7.50        -4.66     4.32     7.53     0.187
   36.32     9.87   -11.08        36.29     9.87   -11.08     0.030
  -19.77   -31.08   -18.33       -19.81   -31.03   -18.41     0.108
   -9.23    -3.79     8.09        -9.21    -3.80     8.08     0.031
   36.68     8.31    -9.28        36.56     8.31    -9.27     0.120
   25.31    17.17   -26.68        25.29    17.16   -26.66     0.032
   -4.02   -22.49   -14.52        -4.01   -22.50   -14.51     0.022
  -24.46     8.84   -33.76       -24.48     8.93   -33.80     0.104
   22.95    17.56   -28.50        22.90    17.57   -28.49     0.058
   28.52    24.40    -1.59        28.59    24.49    -1.60     0.119
   23.36    -8.53     3.49        23.36    -8.53     3.49     0.002
   19.84   -12.34     1.11        19.88   -12.37     1.14     0.062
  -11.67   -24.13   -41.94       -11.60   -24.20   -42.02     0.126
   -3.99    -0.65    26.59        -4.00    -0.65    26.59     0.013
  -36.77   -27.84   -16.51       -36.75   -27.81   -16.53     0.037
   34.50    16.22     0.18        34.46    16.20     0.18     0.041
   32.78    17.87     4.81        32.78    17.87     4.81     0.001
   17.95     1.30    56.35        17.81     1.40    56.34     0.172
  -41.27   -17.70   -10.74       -41.23   -17.68   -10.76     0.039
  -25.57   -14.54   -50.78       -25.58   -14.47   -50.78     0.077
  -20.34     1.47   -45.49       -20.34     1.45   -45.46     0.035
   -0.40    -6.38    62.87        -0.40    -6.38    62.87     0.000
    1.58    -9.00    28.85         1.74    -9.37    28.88     0.404
   10.56   -15.43    -2.34        10.61   -15.33    -2.27     0.129
  -10.00     2.50   -31.68       -10.02     2.49   -31.65     0.029
   22.36    22.85    31.15        22.31    22.62    31.13     0.228
  -24.99     9.26   -23.96       -24.97     9.18   -23.97     0.079
    7.76    -4.28    62.39         7.91    -4.37    62.59     0.264
  -16.77     7.00   -37.71       -16.81     6.96   -37.66     0.072
   16.90    13.80   -11.55        16.87    13.85   -11.58     0.062
  -32.87     6.34   -37.43       -32.84     6.23   -37.38     0.125
