150 PA5-D-Debug-Output.txt 6
  -50.1685 -125.7337  -57.2503  104.6587    0.2416   28.1936
   14.01   -12.92     6.21        14.01   -12.92     6.21     0.000
   42.79     2.70    10.31        42.79     2.70    10.31     0.000
  -26.28   -25.55   -37.25       -26.28   -25.55   -37.25     0.000
   -4.85    22.08    40.66        -4.85    22.08    40.66     0.000
   25.39    13.33    38.99        25.39    13.33    38.99     0.000
  -21.41    11.44    22.89       -21.41    11.44    22.89     0.000
  -27.98   -13.60    -4.72       -27.98   -13.60    -4.72     0.000
    8.87   -10.83   -22.25         8.87   -10.83   -22.25     0.000
  -31.65   -12.01    -4.82       -31.65   -12.01    -4.82     0.000
   35.54     0.37    18.09        35.54     0.37    18.09     0.000
   20.00    -3.52    54.06        20.00    -3.52    54.06     0.000
   21.31    -8.71   -22.67        21.31    -8.71   -22.67     0.000
    3.22    19.23   -10.12         3.22    19.23   -10.12     0.000
  -10.66     9.98    55.08       -10.66     9.98    55.08     0.000
   -6.31   -25.54   -17.36        -6.31   -25.54   -17.36     0.000
  -20.70     1.52    -1.88       -20.70     1.52    -1.88     0.000
  -31.76     0.64   -39.38       -31.76     0.64   -39.38     0.000
   -4.75    25.15    20.24        -4.75    25.15    20.24     0.000
  -10.59   -21.44    -9.02       -10.59   -21.44    -9.02     0.000
   11.62    -9.44    46.97        11.62    -9.44    46.97     0.000
  -10.70     7.70    54.60       -10.70     7.70    54.60     0.000
  -11.21    12.11    -0.14       -11.21    12.11    -0.14     0.000
  -22.96   -16.06    -3.47       -22.96   -16.06    -3.47     0.000
  -29.78     8.24   -31.95       -29.78     8.24   -31.95     0.000
  -31.92    -8.55   -42.60       -31.92    -8.55   -42.60     0.000
  -35.91   -12.15   -36.65       -35.91   -12.15   -36.65     0.000
   -0.29    23.08     2.15        -0.29    23.08     2.15     0.000
  -19.48     8.91   -36.79       -19.48     8.91   -36.79     0.000
    8.30    20.82   -21.90         8.30    20.82   -21.90     0.000
  -19.40     8.26   -11.45       -19.40     8.26   -11.45     0.000
   31.98    21.27    -9.32        31.98    21.27    -9.32     0.000
  -35.93   -20.67   -12.52       -35.93   -20.67   -12.52     0.000
   -5.65   -20.90    -9.93        -5.65   -20.90    -9.93     0.000
   -2.98   -10.63   -40.08        -2.98   -10.63   -40.08     0.000
   -8.43   -11.66     7.33        -8.43   -11.66     7.33     0.000
   15.95    27.97     0.75        15.95    27.97     0.75     0.000
   -9.67     1.72    36.97        -9.67     1.72    36.97     0.000
  -10.45   -29.39   -24.28       -10.45   -29.39   -24.28     0.000
    0.46    -5.79   -30.60         0.46    -5.79   -30.60     0.000
   24.49    13.06    45.36        24.49    13.06    45.36     0.000
   -6.36    15.13    -0.40        -6.36    15.13    -0.40     0.000
  -37.32     3.86   -19.66       -37.32     3.86   -19.66     0.000
    0.67    18.27    -5.71         0.67    18.27    -5.71     0.000
   37.55     5.84    15.77        37.55     5.84    15.77     0.000
   20.37     2.14    56.89        20.37     2.14    56.89     0.000
    0.52    20.13    55.93         0.52    20.13    55.93     0.000
   25.42     0.45    40.35        25.42     0.45    40.35     0.000
    6.89   -10.12    19.38         6.89   -10.12    19.38     0.000
  -17.06    15.15    14.13       -17.06    15.15    14.13     0.000
  -38.37    -6.73   -26.30       -38.37    -6.73   -26.30     0.000
  -20.20    19.95    18.92       -20.20    19.95    18.92     0.000
  -21.24    22.06    24.08       -21.24    22.06    24.08     0.000
   -8.70    -0.05    52.99        -8.70    -0.05    52.99     0.000
  -41.07   -11.49   -19.20       -41.07   -11.49   -19.20     0.000
   10.82    -2.39   -22.52        10.82    -2.39   -22.52     0.000
    9.51   -15.42   -17.90         9.51   -15.42   -17.90     0.000
   38.53     0.44    14.55        38.53     0.44    14.55     0.000
  -23.47   -15.09    -3.49       -23.47   -15.09    -3.49     0.000
  -29.06   -28.39   -17.30       -29.06   -28.39   -17.30     0.000
  -10.62    10.38    55.22       -10.62    10.38    55.22     0.000
   18.75    -5.58    53.72        18.75    -5.58    53.72     0.000
  -13.03   -23.65    -8.54       -13.03   -23.65    -8.54     0.000
   41.20    11.80     1.31        41.20    11.80     1.31     0.000
  -22.04    13.00   -23.09       -22.04    13.00   -23.09     0.000
   -5.30    -6.52    50.94        -5.30    -6.52    50.94     0.000
   -8.30   -23.95   -11.81        -8.30   -23.95   -11.81     0.000
  -11.36    22.46    17.52       -11.36    22.46    17.52     0.000
  -23.93    11.56   -30.94       -23.93    11.56   -30.94     0.000
   15.21     6.99   -23.26        15.21     6.99   -23.26     0.000
  -20.27     7.79   -11.50       -20.27     7.79   -11.50     0.000
   26.26    13.00    34.66        26.26    13.00    34.66     0.000
  -33.45    -2.29    -8.39       -33.45    -2.29    -8.39     0.000
   30.83    -5.92    15.28        30.83    -5.92    15.28     0.000
   17.09    26.76   -21.51        17.09    26.76   -21.51     0.000
  -34.21   -24.04   -14.75       -34.21   -24.04   -14.75     0.000
  -35.76     4.07   -15.07       -35.76     4.07   -15.07     0.000
  -30.02   -20.25    -6.59       -30.02   -20.25    -6.59     0.000
    0.01     1.06   -23.77         0.01     1.06   -23.77     0.000
  -10.07     4.56    43.73       -10.07     4.56    43.73     0.000
    8.03    20.74    54.69         8.03    20.74    54.69     0.000
   35.58   -10.37    -9.62        35.58   -10.37    -9.62     0.000
    5.38    24.89    21.21         5.38    24.89    21.21     0.000
  -24.79   -30.29   -19.14       -24.79   -30.29   -19.14     0.000
   -6.23   -21.12    -9.82        -6.23   -21.12    -9.82     0.000
  -19.26    -9.67   -46.42       -19.26    -9.67   -46.42     0.000
  -25.27   -29.41   -16.44       -25.27   -29.41   -16.44     0.000
   -9.30   -24.42   -36.84        -9.30   -24.42   -36.84     0.000
  -14.00     7.85    31.73       -14.00     7.85    31.73     0.000
    4.78   -14.37     6.35         4.78   -14.37     6.35     0.000
    4.86    22.45    37.47         4.86    22.45    37.47     0.000
   37.69    -7.73    -9.29        37.69    -7.73    -9.29     0.000
   19.99   -19.62   -15.47        19.99   -19.62   -15.47     0.000
   26.09    13.49    33.91        26.09    13.49    33.91     0.000
   24.53    13.18    44.83        24.53    13.18    44.83     0.000
   12.83   -10.00    20.17        12.83   -10.00    20.17     0.000
   21.97   -14.18     0.95        21.97   -14.18     0.95     0.000
   39.67     7.55    12.22        39.67     7.55    12.22     0.000
  -34.70   -24.33   -26.83       -34.70   -24.33   -26.83     0.000
  -34.59     5.11   -13.92       -34.59     5.11   -13.92     0.000
  -27.53    10.64   -16.92       -27.53    10.64   -16.92     0.000
  -11.41    11.99    46.94       -11.41    11.99    46.94     0.000
    0.67    21.72    -2.23         0.67    21.72    -2.23     0.000
   24.35   -13.86   -23.93        24.35   -13.86   -23.93     0.000
   23.49    11.45    53.90        23.49    11.45    53.90     0.000
  -35.85   -10.91   -32.18       -35.85   -10.91   -32.18     0.000
   25.62    -2.54    35.63        25.62    -2.54    35.63     0.000
  -16.22   -10.16   -46.26       -16.22   -10.16   -46.26     0.000
  -14.46     1.37    22.82       -14.46     1.37    22.82     0.000
  -34.64   -19.48   -35.61       -34.64   -19.48   -35.61     0.000
   25.81    19.55    17.62        25.81    19.55    17.62     0.000
  -18.09   -31.32   -22.12       -18.09   -31.32   -22.12     0.000
   17.55    25.20    11.75        17.55    25.20    11.75     0.000
   33.55    17.73    11.50        33.55    17.73    11.50     0.000
   24.28    -2.49    41.11        24.28    -2.49    41.11     0.000
   19.28    -9.76    21.92        19.28    -9.76    21.92     0.000
    6.24    -9.70    33.44         6.24    -9.70    33.44     0.000
    0.65   -20.11   -14.88         0.65   -20.11   -14.88     0.000
   29.21   -10.34     5.72        29.21   -10.34     5.72     0.000
   24.75    25.30    -2.50        24.75    25.30    -2.50     0.000
   -9.21    -9.52    15.76        -9.21    -9.52    15.76     0.000
  -24.89   -22.24   -40.27       -24.89   -22.24   -40.27     0.000
   12.34     4.82    57.64        12.34     4.82    57.64     0.000
    8.16    21.30   -17.36         8.16    21.30   -17.36     0.000
   24.67    15.18    34.09        24.67    15.18    34.09     0.000
   34.81    15.31    12.28        34.81    15.31    12.28     0.000
  -15.56     3.48   -41.57       -15.56     3.48   -41.57     0.000
    8.65    17.40   -29.79         8.65    17.40   -29.79     0.000
    9.69    15.72   -30.61         9.69    15.72   -30.61     0.000
  -33.10   -24.06   -13.34       -33.10   -24.06   -13.34     0.000
    6.94    26.84    10.25         6.94    26.84    10.25     0.000
   25.56    11.62   -32.96        25.56    11.62   -32.96     0.000
   20.05    -9.14    24.65        20.05    -9.14    24.65     0.000
   24.60    -8.55    19.00        24.60    -8.55    19.00     0.000
   -9.94    16.67     7.79        -9.94    16.67     7.79     0.000
   24.93     5.51   -32.65        24.93     5.51   -32.65     0.000
   37.35    -6.41    -0.92        37.35    -6.41    -0.92     0.000
   -7.92    20.16    45.48        -7.92    20.16    45.48     0.000
  -30.77    -4.61   -42.07       -30.77    -4.61   -42.07     0.000
   -7.62   -27.08   -29.25        -7.62   -27.08   -29.25     0.000
   16.61     3.08    57.46        16.61     3.08    57.46     0.000
   24.24   -19.54   -11.30        24.24   -19.54   -11.30     0.000
   12.70    11.19   -14.72        12.70    11.19   -14.72     0.000
   28.03   -14.07    -2.15        28.03   -14.07    -2.15     0.000
  -11.95     7.54    36.69       -11.95     7.54    36.69     0.000
    7.19    25.61    -7.72         7.19    25.61    -7.72     0.000
    3.29    23.36    -5.35         3.29    23.36    -5.35     0.000
   33.43   -12.03    -2.27        33.43   -12.03    -2.27     0.000
  -18.29     5.93     7.43       -18.29     5.93     7.43     0.000
   25.94     0.59    38.93        25.94     0.59    38.93     0.000
   20.80    25.85   -22.15        20.80    25.85   -22.15     0.000
