150 PA5-B-Debug-Answer.txt 6
    0.2175  139.0087  -48.0461  162.1432   97.8910 -114.3808
   20.70     7.48    64.50        20.70     7.48    64.50     0.000
   23.71   -13.19    -1.30        23.71   -13.19    -1.30     0.000
   11.80    24.02    35.84        11.80    24.02    35.84     0.000
  -11.41    13.57    47.03       -11.41    13.57    47.03     0.000
   32.34    -7.55    -9.66        32.34    -7.55    -9.66     0.000
   23.29    17.47    58.36        23.29    17.47    58.36     0.000
   -1.65    -2.86    29.49        -1.65    -2.86    29.49     0.000
    3.95     0.82   -17.90         3.95     0.82   -17.90     0.000
  -34.48     0.60   -16.17       -34.48     0.60   -16.17     0.000
   28.70   -10.34    -7.73        28.70   -10.34    -7.73     0.000
   35.28     0.68   -10.92        35.28     0.68   -10.92     0.000
  -13.60   -16.22   -51.16       -13.60   -16.22   -51.16     0.000
   -0.26    20.43    47.51        -0.26    20.43    47.51     0.000
    9.98    22.80    33.37         9.98    22.80    33.37     0.000
   -4.09    -1.73    26.85        -4.09    -1.73    26.85     0.000
  -36.06     3.42   -44.02       -36.06     3.42   -44.02     0.000
    6.48    18.12    -9.41         6.48    18.12    -9.41     0.000
   24.15    12.83    58.05        24.15    12.83    58.05     0.000
  -26.54   -22.75   -16.93       -26.54   -22.75   -16.93     0.000
   15.01     5.13   -23.22        15.01     5.13   -23.22     0.000
   -1.12     2.87   -22.33        -1.12     2.87   -22.33     0.000
  -11.70   -23.19   -16.53       -11.70   -23.19   -16.53     0.000
  -19.71    -8.70    -8.15       -19.71    -8.70    -8.15     0.000
  -20.06   -27.95   -21.74       -20.06   -27.95   -21.74     0.000
   -1.47    18.37    63.32        -1.47    18.37    63.32     0.000
   10.66    -3.73    28.62        10.66    -3.73    28.62     0.000
  -17.53   -11.84   -52.86       -17.53   -11.84   -52.86     0.000
   -0.19   -22.23   -15.56        -0.19   -22.23   -15.56     0.000
    8.03    -2.51    36.27         8.03    -2.51    36.27     0.000
   -6.26    12.22    60.64        -6.26    12.22    60.64     0.000
    6.24    18.11    17.83         6.24    18.11    17.83     0.000
   -5.77    13.87    32.07        -5.77    13.87    32.07     0.000
   13.27    21.45    13.46        13.27    21.45    13.46     0.000
  -20.90    -8.99   -54.48       -20.90    -8.99   -54.48     0.000
  -11.47    -6.21   -52.24       -11.47    -6.21   -52.24     0.000
  -18.46    -0.60    -1.18       -18.46    -0.60    -1.18     0.000
  -11.31    -7.63   -51.93       -11.31    -7.63   -51.93     0.000
   -7.03    11.67    54.58        -7.03    11.67    54.58     0.000
  -22.40   -29.95   -32.27       -22.40   -29.95   -32.27     0.000
  -29.51    -7.42   -10.26       -29.51    -7.42   -10.26     0.000
  -26.12     8.22   -45.74       -26.12     8.22   -45.74     0.000
   26.50     8.77    36.08        26.50     8.77    36.08     0.000
  -37.73   -11.49   -17.94       -37.73   -11.49   -17.94     0.000
   27.49     7.60    29.79        27.49     7.60    29.79     0.000
  -29.41   -21.07   -17.75       -29.41   -21.07   -17.75     0.000
  -23.86     6.27    29.79       -23.86     6.27    29.79     0.000
   37.26     3.42     4.09        37.26     3.42     4.09     0.000
  -32.32   -25.54   -30.62       -32.32   -25.54   -30.62     0.000
  -38.77     3.02   -36.76       -38.77     3.02   -36.76     0.000
    0.42   -14.90   -40.21         0.42   -14.90   -40.21     0.000
  -36.54     2.50   -44.08       -36.54     2.50   -44.08     0.000
  -38.61   -11.57   -41.02       -38.61   -11.57   -41.02     0.000
  -24.41     8.45    35.37       -24.41     8.45    35.37     0.000
   13.31     1.35   -16.31        13.31     1.35   -16.31     0.000
   14.33   -15.92   -16.83        14.33   -15.92   -16.83     0.000
  -10.04   -24.59   -41.18       -10.04   -24.59   -41.18     0.000
   24.80     2.35    46.48        24.80     2.35    46.48     0.000
   -7.67    10.55    51.25        -7.67    10.55    51.25     0.000
    3.73    21.43    42.64         3.73    21.43    42.64     0.000
   18.11    -9.92   -19.48        18.11    -9.92   -19.48     0.000
   -4.21    11.06    61.07        -4.21    11.06    61.07     0.000
    8.93    19.20    17.33         8.93    19.20    17.33     0.000
  -11.00     9.73    20.81       -11.00     9.73    20.81     0.000
  -25.96   -28.90   -28.52       -25.96   -28.90   -28.52     0.000
   -0.55     8.22    63.91        -0.55     8.22    63.91     0.000
  -34.77     6.33   -22.33       -34.77     6.33   -22.33     0.000
    8.97    -1.18    41.65         8.97    -1.18    41.65     0.000
  -30.14     0.70   -50.85       -30.14     0.70   -50.85     0.000
   17.80    -3.76    39.48        17.80    -3.76    39.48     0.000
  -12.86    13.16    38.59       -12.86    13.16    38.59     0.000
  -12.94     8.86    25.05       -12.94     8.86    25.05     0.000
   17.05   -14.84   -20.81        17.05   -14.84   -20.81     0.000
   33.06    -1.63   -23.22        33.06    -1.63   -23.22     0.000
  -22.47   -21.39   -14.25       -22.47   -21.39   -14.25     0.000
  -37.66   -16.12   -32.17       -37.66   -16.12   -32.17     0.000
  -16.23     0.28     7.78       -16.23     0.28     7.78     0.000
  -26.30   -20.16   -15.98       -26.30   -20.16   -15.98     0.000
  -40.56    -1.89   -26.07       -40.56    -1.89   -26.07     0.000
  -16.02     6.95   -48.92       -16.02     6.95   -48.92     0.000
  -28.78   -19.22   -15.55       -28.78   -19.22   -15.55     0.000
   24.68    -9.48     6.91        24.68    -9.48     6.91     0.000
    5.90    -0.56    41.38         5.90    -0.56    41.38     0.000
    0.34    -5.42    25.82         0.34    -5.42    25.82     0.000
  -38.89   -14.21   -27.53       -38.89   -14.21   -27.53     0.000
    6.08    -5.98    27.69         6.08    -5.98    27.69     0.000
  -40.98    -0.88   -29.64       -40.98    -0.88   -29.64     0.000
   20.02    -3.63    42.39        20.02    -3.63    42.39     0.000
   -7.50   -26.87   -30.38        -7.50   -26.87   -30.38     0.000
   31.18     5.54   -18.06        31.18     5.54   -18.06     0.000
    3.80     5.69    -9.04         3.80     5.69    -9.04     0.000
  -22.98    13.77   -38.09       -22.98    13.77   -38.09     0.000
  -14.97     4.03    37.30       -14.97     4.03    37.30     0.000
   18.70    21.65     8.07        18.70    21.65     8.07     0.000
   14.69   -15.48    -7.65        14.69   -15.48    -7.65     0.000
   33.23     4.27    13.81        33.23     4.27    13.81     0.000
   28.79    14.69   -11.71        28.79    14.69   -11.71     0.000
   25.37    19.46    10.21        25.37    19.46    10.21     0.000
    6.46    18.56    -7.75         6.46    18.56    -7.75     0.000
  -14.04    11.54    47.36       -14.04    11.54    47.36     0.000
   -9.10     8.06   -26.22        -9.10     8.06   -26.22     0.000
   31.77    -6.67    -6.63        31.77    -6.67    -6.63     0.000
   35.97     5.26     5.76        35.97     5.26     5.76     0.000
  -25.11    -2.78   -11.36       -25.11    -2.78   -11.36     0.000
    6.56    -9.42     6.31         6.56    -9.42     6.31     0.000
  -34.64   -10.26   -50.34       -34.64   -10.26   -50.34     0.000
   23.17    14.90   -20.34        23.17    14.90   -20.34     0.000
  -21.92    12.47   -17.38       -21.92    12.47   -17.38     0.000
  -28.53    12.15   -37.44       -28.53    12.15   -37.44     0.000
   25.68    20.01     1.06        25.68    20.01     1.06     0.000
  -27.66   -28.13   -30.89       -27.66   -28.13   -30.89     0.000
   33.15    13.60     0.36        33.15    13.60     0.36     0.000
  -19.58   -29.74   -34.51       -19.58   -29.74   -34.51     0.000
   15.92    12.34    64.06        15.92    12.34    64.06     0.000
   16.09     3.29    65.50        16.09     3.29    65.50     0.000
   -6.62    15.74    53.27        -6.62    15.74    53.27     0.000
    3.73     1.09    44.83         3.73     1.09    44.83     0.000
    3.30    -7.50   -32.44         3.30    -7.50   -32.44     0.000
   -0.98    -1.28    38.75        -0.98    -1.28    38.75     0.000
   18.33    18.25   -17.28        18.33    18.25   -17.28     0.000
    3.27     1.90    47.19         3.27     1.90    47.19     0.000
   -2.08     8.71    60.37        -2.08     8.71    60.37     0.000
  -25.86   -14.81   -51.61       -25.86   -14.81   -51.61     0.000
    3.48     6.09    64.67         3.48     6.09    64.67     0.000
    4.85   -10.45     0.72         4.85   -10.45     0.72     0.000
   -4.29     2.80    38.15        -4.29     2.80    38.15     0.000
  -37.92   -19.46   -26.26       -37.92   -19.46   -26.26     0.000
   17.13   -15.09   -20.39        17.13   -15.09   -20.39     0.000
  -23.93    -5.17   -10.58       -23.93    -5.17   -10.58     0.000
   15.14    24.07    32.66        15.14    24.07    32.66     0.000
  -32.96   -19.18   -17.97       -32.96   -19.18   -17.97     0.000
  -17.77   -29.68   -32.94       -17.77   -29.68   -32.94     0.000
   -8.22    11.31    50.55        -8.22    11.31    50.55     0.000
    2.62   -16.42   -38.29         2.62   -16.42   -38.29     0.000
   13.92    20.40   -11.51        13.92    20.40   -11.51     0.000
  -32.11    11.07   -35.24       -32.11    11.07   -35.24     0.000
    7.45    -1.51    39.17         7.45    -1.51    39.17     0.000
   14.25   -16.65   -13.58        14.25   -16.65   -13.58     0.000
  -21.90   -29.54   -36.07       -21.90   -29.54   -36.07     0.000
  -33.11     2.69   -13.43       -33.11     2.69   -13.43     0.000
   14.49    -2.45    43.54        14.49    -2.45    43.54     0.000
  -36.70   -21.14   -36.49       -36.70   -21.14   -36.49     0.000
   34.49     3.15   -20.88        34.49     3.15   -20.88     0.000
   -0.34    15.14    22.85        -0.34    15.14    22.85     0.000
  -17.63   -23.04   -16.18       -17.63   -23.04   -16.18     0.000
   18.89     2.82   -23.74        18.89     2.82   -23.74     0.000
  -10.83   -26.00   -23.38       -10.83   -26.00   -23.38     0.000
  -38.29    -0.05   -38.92       -38.29    -0.05   -38.92     0.000
  -37.24    -7.42   -35.90       -37.24    -7.42   -35.90     0.000
  -17.62     2.03     7.71       -17.62     2.03     7.71     0.000
    4.94    17.91    -4.44         4.94    17.91    -4.44     0.000
